Supplemental results for CODEML (seqf: ../../../myxovirus.aln  treef: ../../../myxovirus_branch_duck.tree)

I	J	ij	2Ns_IJ	pMut_IJ	pSub_IJ	2Ns_JI	pMut_JI	pSub_JI

TTC	TTT	CT	0.70430	0.03377	0.04705	-0.70430	0.06830	0.04705
TTA	TTT	AT	1.93248	0.00301	0.00681	-1.93248	0.02082	0.00681
TTA	TTC	AC	1.22818	0.00669	0.01162	-1.22818	0.02285	0.01162
TTG	TTT	GT	0.84393	0.00733	0.01086	-0.84393	0.01705	0.01086
TTG	TTC	GC	0.13964	0.01628	0.01744	-0.13964	0.01872	0.01744
TTG	TTA	GA	-1.08854	0.04000	0.02210	1.08854	0.01347	0.02210
TCT	TTT	CT	1.52902	0.01480	0.02890	-1.52902	0.06830	0.02890
TCC	TTC	CT	1.19619	0.02267	0.03887	-1.19619	0.07498	0.03887
TCC	TCT	CT	0.37147	0.02267	0.02714	-0.37147	0.03287	0.02714
TCA	TTA	CT	0.41949	0.01249	0.01529	-0.41949	0.01900	0.01529
TCA	TCT	AT	0.82294	0.00440	0.00646	-0.82294	0.01002	0.00646
TCA	TCC	AC	0.45147	0.00977	0.01214	-0.45147	0.01534	0.01214
TCG	TTG	CT	1.89617	0.00694	0.01548	-1.89617	0.04622	0.01548
TCG	TCT	GT	1.21108	0.00244	0.00422	-1.21108	0.00821	0.00422
TCG	TCC	GC	0.83961	0.00543	0.00802	-0.83961	0.01256	0.00802
TCG	TCA	GA	0.38814	0.01333	0.01609	-0.38814	0.01966	0.01609
TAT	TTT	AT	1.30929	0.00562	0.01008	-1.30929	0.02082	0.01008
TAT	TCT	AC	-0.21973	0.01248	0.01116	0.21973	0.01002	0.01116
TAC	TTC	AT	0.88306	0.00945	0.01423	-0.88306	0.02285	0.01423
TAC	TCC	AC	-0.31313	0.02098	0.01787	0.31313	0.01534	0.01787
TAC	TAT	CT	0.27807	0.02683	0.03074	-0.27807	0.03543	0.03074
TGT	TTT	GT	1.78840	0.00285	0.00612	-1.78840	0.01705	0.00612
TGT	TCT	GC	0.25937	0.00633	0.00719	-0.25937	0.00821	0.00719
TGT	TAT	GA	0.47911	0.01556	0.01958	-0.47911	0.02512	0.01958
TGC	TTC	GT	1.17432	0.00578	0.00983	-1.17432	0.01872	0.00983
TGC	TCC	GC	-0.02187	0.01284	0.01270	0.02187	0.01256	0.01270
TGC	TAC	GA	0.29126	0.03156	0.03637	-0.29126	0.04222	0.03637
TGC	TGT	CT	0.09022	0.01642	0.01718	-0.09022	0.01797	0.01718
TGG	TTG	GT	1.19200	0.00350	0.00600	-1.19200	0.01154	0.00600
TGG	TCG	GC	-0.70416	0.00778	0.00536	0.70416	0.00385	0.00536
TGG	TGT	GT	0.24754	0.00350	0.00395	-0.24754	0.00449	0.00395
TGG	TGC	GC	0.15732	0.00778	0.00841	-0.15732	0.00910	0.00841
CTT	TTT	CT	1.12356	0.02221	0.03697	-1.12356	0.06830	0.03697
CTC	TTC	CT	0.96898	0.02845	0.04443	-0.96898	0.07498	0.04443
CTC	CTT	CT	0.54972	0.02845	0.03698	-0.54972	0.04930	0.03698
CTA	TTA	CT	0.51665	0.01133	0.01451	-0.51665	0.01900	0.01451
CTA	CTT	AT	1.32557	0.00399	0.00721	-1.32557	0.01503	0.00721
CTA	CTC	AC	0.77585	0.00886	0.01274	-0.77585	0.01925	0.01274
CTG	TTG	CT	-0.72850	0.09576	0.06508	0.72850	0.04622	0.06508
CTG	CTT	GT	-1.00812	0.03373	0.01954	1.00812	0.01231	0.01954
CTG	CTC	GC	-1.55784	0.07488	0.03112	1.55784	0.01577	0.03112
CTG	CTA	GA	-2.33370	0.18400	0.04609	2.33370	0.01784	0.04609
CCT	TCT	CT	0.45663	0.02082	0.02593	-0.45663	0.03287	0.02593
CCT	CTT	CT	0.86209	0.02082	0.03107	-0.86209	0.04930	0.03107
CCC	TCC	CT	1.01307	0.01827	0.02907	-1.01307	0.05033	0.02907
CCC	CTC	CT	1.24029	0.01827	0.03189	-1.24029	0.06317	0.03189
CCC	CCT	CT	0.92792	0.01827	0.02804	-0.92792	0.04622	0.02804
CCA	TCA	CT	0.52386	0.01642	0.02110	-0.52386	0.02773	0.02110
CCA	CTA	CT	0.42670	0.01642	0.02018	-0.42670	0.02516	0.02018
CCA	CCT	AT	0.89017	0.00578	0.00874	-0.89017	0.01409	0.00874
CCA	CCC	AC	-0.03774	0.01284	0.01260	0.03774	0.01237	0.01260
CCG	TCG	CT	1.10771	0.00509	0.00842	-1.10771	0.01541	0.00842
CCG	CTG	CT	3.73238	0.00509	0.01946	-3.73238	0.21261	0.01946
CCG	CCT	GT	1.86216	0.00179	0.00395	-1.86216	0.01154	0.00395
CCG	CCC	GC	0.93424	0.00398	0.00612	-0.93424	0.01013	0.00612
CCG	CCA	GA	0.97199	0.00978	0.01529	-0.97199	0.02584	0.01529
CAT	TAT	CT	1.02433	0.01272	0.02033	-1.02433	0.03543	0.02033
CAT	CTT	AT	1.21006	0.00448	0.00773	-1.21006	0.01503	0.00773
CAT	CCT	AC	0.34797	0.00995	0.01178	-0.34797	0.01409	0.01178
CAC	TAC	CT	0.75535	0.02799	0.03988	-0.75535	0.05957	0.03988
CAC	CTC	AT	0.66944	0.00986	0.01352	-0.66944	0.01925	0.01352
CAC	CCC	AC	-0.57085	0.02189	0.01623	0.57085	0.01237	0.01623
CAC	CAT	CT	0.00910	0.02799	0.02812	-0.00910	0.02824	0.02812
CAA	CTA	AT	-0.28345	0.01018	0.00881	0.28345	0.00767	0.00881
CAA	CCA	AC	-0.71014	0.02261	0.01552	0.71014	0.01111	0.01552
CAA	CAT	AT	-0.16794	0.01018	0.00935	0.16794	0.00861	0.00935
CAA	CAC	AC	-0.17703	0.02261	0.02067	0.17703	0.01894	0.02067
CAG	CTG	AT	0.79281	0.02933	0.04248	-0.79281	0.06481	0.04248
CAG	CCG	AC	-2.93957	0.06511	0.01069	2.93957	0.00344	0.01069
CAG	CAT	GT	-1.42538	0.02933	0.01323	1.42538	0.00705	0.01323
CAG	CAC	GC	-1.43447	0.06511	0.02921	1.43447	0.01551	0.02921
CAG	CAA	GA	-1.25744	0.16000	0.07995	1.25744	0.04550	0.07995
CGT	TGT	CT	1.26186	0.00509	0.00896	-1.26186	0.01797	0.00896
CGT	CTT	GT	1.92670	0.00179	0.00404	-1.92670	0.01231	0.00404
CGT	CCT	GC	1.06461	0.00398	0.00647	-1.06461	0.01154	0.00647
CGT	CAT	GA	0.71664	0.00978	0.01370	-0.71664	0.02002	0.01370
CGC	TGC	CT	1.18903	0.01110	0.01898	-1.18903	0.03646	0.01898
CGC	CTC	GT	1.39438	0.00391	0.00725	-1.39438	0.01577	0.00725
CGC	CCC	GC	0.15409	0.00868	0.00937	-0.15409	0.01013	0.00937
CGC	CAC	GA	0.72494	0.02133	0.02999	-0.72494	0.04404	0.02999
CGC	CGT	CT	0.01740	0.01110	0.01120	-0.01740	0.01130	0.01120
CGA	CTA	GT	0.84871	0.00269	0.00399	-0.84871	0.00628	0.00399
CGA	CCA	GC	0.42201	0.00597	0.00732	-0.42201	0.00910	0.00732
CGA	CAA	GA	1.13216	0.01467	0.02450	-1.13216	0.04550	0.02450
CGA	CGT	AT	0.24758	0.00269	0.00304	-0.24758	0.00344	0.00304
CGA	CGC	AC	0.23018	0.00597	0.00668	-0.23018	0.00751	0.00668
CGG	TGG	CT	-0.12338	0.02498	0.02347	0.12338	0.02208	0.02347
CGG	CTG	GT	1.79713	0.00880	0.01895	-1.79713	0.05308	0.01895
CGG	CCG	GC	-1.93525	0.01953	0.00638	1.93525	0.00282	0.00638
CGG	CAG	GA	1.00432	0.04800	0.07607	-1.00432	0.13104	0.07607
CGG	CGT	GT	-1.13769	0.00880	0.00472	1.13769	0.00282	0.00472
CGG	CGC	GC	-1.15509	0.01953	0.01038	1.15509	0.00615	0.01038
CGG	CGA	GA	-1.38527	0.04800	0.02219	1.38527	0.01201	0.02219
ATT	TTT	AT	0.42540	0.01361	0.01670	-0.42540	0.02082	0.01670
ATT	CTT	AC	-0.69816	0.03021	0.02088	0.69816	0.01503	0.02088
ATC	TTC	AT	-0.18046	0.02737	0.02498	0.18046	0.02285	0.02498
ATC	CTC	AC	-1.14944	0.06077	0.03239	1.14944	0.01925	0.03239
ATC	ATT	CT	0.09844	0.07772	0.08161	-0.09844	0.08576	0.08161
ATA	TTA	AT	-0.42739	0.00888	0.00712	0.42739	0.00579	0.00712
ATA	CTA	AC	-0.94404	0.01972	0.01185	0.94404	0.00767	0.01185
ATA	ATT	AT	1.07969	0.00888	0.01452	-1.07969	0.02614	0.01452
ATA	ATC	AC	0.98125	0.01972	0.03094	-0.98125	0.05260	0.03094
ATG	TTG	AT	0.25501	0.01092	0.01237	-0.25501	0.01409	0.01237
ATG	CTG	AC	0.98352	0.02424	0.03808	-0.98352	0.06481	0.03808
ATG	ATT	GT	0.67355	0.01092	0.01500	-0.67355	0.02141	0.01500
ATG	ATC	GC	0.57511	0.02424	0.03187	-0.57511	0.04308	0.03187
ATG	ATA	GA	-0.40614	0.05956	0.04828	0.40614	0.03968	0.04828
ACT	TCT	AT	0.44248	0.00644	0.00796	-0.44248	0.01002	0.00796
ACT	CCT	AC	-0.01415	0.01429	0.01419	0.01415	0.01409	0.01419
ACT	ATT	CT	1.54610	0.01827	0.03590	-1.54610	0.08576	0.03590
ACC	TCC	AT	0.32536	0.01108	0.01298	-0.32536	0.01534	0.01298
ACC	CCC	AC	-0.68772	0.02460	0.01710	0.68772	0.01237	0.01710
ACC	ATC	CT	1.70201	0.03146	0.06548	-1.70201	0.17255	0.06548
ACC	ACT	CT	0.25435	0.03146	0.03563	-0.25435	0.04057	0.03563
ACA	TCA	AT	-0.04932	0.00888	0.00866	0.04932	0.00845	0.00866
ACA	CCA	AC	-0.57318	0.01972	0.01460	0.57318	0.01111	0.01460
ACA	ATA	CT	0.79756	0.02521	0.03659	-0.79756	0.05598	0.03659
ACA	ACT	AT	0.33114	0.00888	0.01043	-0.33114	0.01237	0.01043
ACA	ACC	AC	0.07680	0.01972	0.02048	-0.07680	0.02129	0.02048
ACG	TCG	AT	0.18304	0.00391	0.00428	-0.18304	0.00470	0.00428
ACG	CCG	AC	-0.92467	0.00868	0.00528	0.92467	0.00344	0.00528
ACG	ATG	CT	1.82419	0.01110	0.02415	-1.82419	0.06881	0.02415
ACG	ACT	GT	0.95164	0.00391	0.00606	-0.95164	0.01013	0.00606
ACG	ACC	GC	0.69729	0.00868	0.01206	-0.69729	0.01744	0.01206
ACG	ACA	GA	0.62050	0.02133	0.02863	-0.62050	0.03968	0.02863
AAT	TAT	AT	-0.21272	0.01336	0.01199	0.21272	0.01080	0.01199
AAT	CAT	AC	-1.23704	0.02966	0.01501	1.23704	0.00861	0.01501
AAT	ATT	AT	0.67117	0.01336	0.01834	-0.67117	0.02614	0.01834
AAT	ACT	AC	-0.87493	0.02966	0.01856	0.87493	0.01237	0.01856
AAC	TAC	AT	0.62751	0.00969	0.01305	-0.62751	0.01816	0.01305
AAC	CAC	AC	-0.12784	0.02152	0.02018	0.12784	0.01894	0.02018
AAC	ATC	AT	1.69103	0.00969	0.02010	-1.69103	0.05260	0.02010
AAC	ACC	AC	-0.01098	0.02152	0.02141	0.01098	0.02129	0.02141
AAC	AAT	CT	1.11830	0.02753	0.04573	-1.11830	0.08422	0.04573
AAA	CAA	AC	-0.90345	0.04829	0.02972	0.90345	0.01957	0.02972
AAA	ATA	AT	-0.24286	0.02175	0.01922	0.24286	0.01706	0.01922
AAA	ACA	AC	-1.04041	0.04829	0.02745	1.04041	0.01706	0.02745
AAA	AAT	AT	0.16566	0.02175	0.02360	-0.16566	0.02567	0.02360
AAA	AAC	AC	-0.95264	0.04829	0.02889	0.95264	0.01863	0.02889
AAG	CAG	AC	-0.17461	0.06710	0.06142	0.17461	0.05635	0.06142
AAG	ATG	AT	-0.36532	0.03023	0.02504	0.36532	0.02098	0.02504
AAG	ACG	AC	-2.18951	0.06710	0.01853	2.18951	0.00751	0.01853
AAG	AAT	GT	-0.36294	0.03023	0.02507	0.36294	0.02103	0.02507
AAG	AAC	GC	-1.48124	0.06710	0.02925	1.48124	0.01526	0.02925
AAG	AAA	GA	-0.52860	0.16489	0.12513	0.52860	0.09719	0.12513
AGT	TGT	AT	-0.25752	0.00709	0.00621	0.25752	0.00548	0.00621
AGT	CGT	AC	-1.51938	0.01574	0.00670	1.51938	0.00344	0.00670
AGT	ATT	GT	1.10548	0.00709	0.01171	-1.10548	0.02141	0.01171
AGT	ACT	GC	-0.44062	0.01574	0.01252	0.44062	0.01013	0.01252
AGT	AAT	GA	0.43431	0.03867	0.04767	-0.43431	0.05970	0.04767
AGC	TGC	AT	-0.11471	0.01246	0.01176	0.11471	0.01111	0.01176
AGC	CGC	AC	-1.30375	0.02767	0.01345	1.30375	0.00751	0.01345
AGC	ATC	GT	1.24007	0.01246	0.02175	-1.24007	0.04308	0.02175
AGC	ACC	GC	-0.46194	0.02767	0.02177	0.46194	0.01744	0.02177
AGC	AAC	GA	-0.45096	0.06800	0.05382	0.45096	0.04332	0.05382
AGC	AGT	CT	0.23303	0.03539	0.03967	-0.23303	0.04468	0.03967
AGA	CGA	AC	-1.54584	0.02424	0.01015	1.54584	0.00517	0.01015
AGA	ATA	GT	0.24690	0.01092	0.01232	-0.24690	0.01397	0.01232
AGA	ACA	GC	-0.55065	0.02424	0.01817	0.55065	0.01397	0.01817
AGA	AAA	GA	0.48976	0.05956	0.07533	-0.48976	0.09719	0.07533
AGA	AGT	AT	0.22111	0.01092	0.01217	-0.22111	0.01362	0.01217
AGA	AGC	AC	-0.01191	0.02424	0.02409	0.01191	0.02395	0.02409
AGG	TGG	AT	-0.00460	0.00676	0.00675	0.00460	0.00673	0.00675
AGG	CGG	AC	0.11878	0.01501	0.01592	-0.11878	0.01691	0.01592
AGG	ATG	GT	0.93239	0.00676	0.01040	-0.93239	0.01718	0.01040
AGG	ACG	GC	-0.89180	0.01501	0.00930	0.89180	0.00615	0.00930
AGG	AAG	GA	1.29771	0.03689	0.06586	-1.29771	0.13505	0.06586
AGG	AGT	GT	0.50046	0.00676	0.00859	-0.50046	0.01115	0.00859
AGG	AGC	GC	0.26744	0.01501	0.01711	-0.26744	0.01962	0.01711
AGG	AGA	GA	0.27935	0.03689	0.04228	-0.27935	0.04878	0.04228
GTT	TTT	GT	1.23287	0.00497	0.00865	-1.23287	0.01705	0.00865
GTT	CTT	GC	0.10931	0.01103	0.01165	-0.10931	0.01231	0.01165
GTT	ATT	GA	0.80747	0.02711	0.03951	-0.80747	0.06079	0.03951
GTC	TTC	GT	0.60072	0.01027	0.01366	-0.60072	0.01872	0.01366
GTC	CTC	GC	-0.36826	0.02279	0.01885	0.36826	0.01577	0.01885
GTC	ATC	GA	0.78118	0.05600	0.08069	-0.78118	0.12231	0.08069
GTC	GTT	CT	0.07215	0.02915	0.03021	-0.07215	0.03133	0.03021
GTA	TTA	GT	0.30311	0.00350	0.00406	-0.30311	0.00474	0.00406
GTA	CTA	GC	-0.21354	0.00778	0.00698	0.21354	0.00628	0.00698
GTA	ATA	GA	0.73050	0.01911	0.02693	-0.73050	0.03968	0.02693
GTA	GTT	AT	1.00272	0.00350	0.00555	-1.00272	0.00955	0.00555
GTA	GTC	AC	0.93057	0.00778	0.01195	-0.93057	0.01972	0.01195
GTG	TTG	GT	-0.56022	0.02020	0.01507	0.56022	0.01154	0.01507
GTG	CTG	GC	0.16828	0.04486	0.04874	-0.16828	0.05308	0.04874
GTG	ATG	GA	-0.81524	0.11022	0.07133	0.81524	0.04878	0.07133
GTG	GTT	GT	-0.94916	0.02020	0.01211	0.94916	0.00782	0.01211
GTG	GTC	GC	-1.02131	0.04486	0.02578	1.02131	0.01615	0.02578
GTG	GTA	GA	-1.95188	0.11022	0.03561	1.95188	0.01565	0.03561
GCT	TCT	GT	-0.43115	0.01263	0.01010	0.43115	0.00821	0.01010
GCT	CCT	GC	-0.88778	0.02804	0.01741	0.88778	0.01154	0.01741
GCT	ACT	GA	-0.87363	0.06889	0.04312	0.87363	0.02876	0.04312
GCT	GTT	CT	-0.13500	0.03585	0.03349	0.13500	0.03133	0.03349
GCC	TCC	GT	-0.13212	0.01434	0.01341	0.13212	0.01256	0.01341
GCC	CCC	GC	-1.14520	0.03183	0.01701	1.14520	0.01013	0.01701
GCC	ACC	GA	-0.45748	0.07822	0.06169	0.45748	0.04951	0.06169
GCC	GTC	CT	0.46335	0.04071	0.05087	-0.46335	0.06471	0.05087
GCC	GCT	CT	0.67050	0.04071	0.05587	-0.67050	0.07960	0.05587
GCA	TCA	GT	-0.11150	0.00774	0.00732	0.11150	0.00692	0.00732
GCA	CCA	GC	-0.63536	0.01718	0.01230	0.63536	0.00910	0.01230
GCA	ACA	GA	-0.06218	0.04222	0.04092	0.06218	0.03968	0.04092
GCA	GTA	CT	0.00488	0.02197	0.02203	-0.00488	0.02208	0.02203
GCA	GCT	AT	1.14259	0.00774	0.01299	-1.14259	0.02426	0.01299
GCA	GCC	AC	0.47210	0.01718	0.02156	-0.47210	0.02755	0.02156
GCG	TCG	GT	0.76355	0.00179	0.00256	-0.76355	0.00385	0.00256
GCG	CCG	GC	-0.34416	0.00398	0.00333	0.34416	0.00282	0.00333
GCG	ACG	GA	0.58051	0.00978	0.01289	-0.58051	0.01747	0.01289
GCG	GTG	CT	3.21994	0.00509	0.01707	-3.21994	0.12736	0.01707
GCG	GCT	GT	2.40578	0.00179	0.00474	-2.40578	0.01987	0.00474
GCG	GCC	GC	1.73528	0.00398	0.00838	-1.73528	0.02256	0.00838
GCG	GCA	GA	1.26318	0.00978	0.01722	-1.26318	0.03458	0.01722
GAT	TAT	GT	-0.42449	0.01352	0.01086	0.42449	0.00885	0.01086
GAT	CAT	GC	-1.44882	0.03002	0.01335	1.44882	0.00705	0.01335
GAT	AAT	GA	-0.21177	0.07378	0.06624	0.21177	0.05970	0.06624
GAT	GTT	AT	-0.34807	0.01352	0.01131	0.34807	0.00955	0.01131
GAT	GCT	AC	-0.21307	0.03002	0.02694	0.21307	0.02426	0.02694
GAC	TAC	GT	-0.42780	0.02281	0.01828	0.42780	0.01487	0.01828
GAC	CAC	GC	-1.18316	0.05064	0.02646	1.18316	0.01551	0.02646
GAC	AAC	GA	-1.05532	0.12444	0.07012	1.05532	0.04332	0.07012
GAC	GTC	AT	-0.14546	0.02281	0.02119	0.14546	0.01972	0.02119
GAC	GCC	AC	-0.60882	0.05064	0.03678	0.60882	0.02755	0.03678
GAC	GAT	CT	0.27475	0.06477	0.07407	-0.27475	0.08525	0.07407
GAA	CAA	GC	-1.32098	0.06005	0.02888	1.32098	0.01603	0.02888
GAA	AAA	GA	-0.41754	0.14756	0.11889	0.41754	0.09719	0.11889
GAA	GTA	AT	-1.39089	0.02705	0.01246	1.39089	0.00673	0.01246
GAA	GCA	AC	-1.39577	0.06005	0.02759	1.39577	0.01487	0.02759
GAA	GAT	AT	-0.04010	0.02705	0.02651	0.04010	0.02598	0.02651
GAA	GAC	AC	-0.31486	0.06005	0.05109	0.31486	0.04383	0.05109
GAG	CAG	GC	-0.51718	0.07741	0.05911	0.51718	0.04615	0.05911
GAG	AAG	GA	-0.34257	0.19022	0.15950	0.34257	0.13505	0.15950
GAG	GTG	AT	0.10735	0.03487	0.03677	-0.10735	0.03882	0.03677
GAG	GCG	AC	-3.11259	0.07741	0.01122	3.11259	0.00344	0.01122
GAG	GAT	GT	-0.49374	0.03487	0.02697	0.49374	0.02128	0.02697
GAG	GAC	GC	-0.76849	0.07741	0.05144	0.76849	0.03590	0.05144
GAG	GAA	GA	-0.45364	0.19022	0.15033	0.45364	0.12085	0.15033
GGT	TGT	GT	-0.06879	0.00481	0.00464	0.06879	0.00449	0.00464
GGT	CGT	GC	-1.33066	0.01067	0.00510	1.33066	0.00282	0.00510
GGT	AGT	GA	0.18872	0.02622	0.02877	-0.18872	0.03167	0.02877
GGT	GTT	GT	0.48673	0.00481	0.00607	-0.48673	0.00782	0.00607
GGT	GCT	GC	0.62173	0.01067	0.01433	-0.62173	0.01987	0.01433
GGT	GAT	GA	0.83480	0.02622	0.03867	-0.83480	0.06043	0.03867
GGC	TGC	GT	-0.09611	0.01002	0.00955	0.09611	0.00910	0.00955
GGC	CGC	GC	-1.28514	0.02225	0.01093	1.28514	0.00615	0.01093
GGC	AGC	GA	0.01860	0.05467	0.05518	-0.01860	0.05569	0.05518
GGC	GTC	GT	0.47749	0.01002	0.01260	-0.47749	0.01615	0.01260
GGC	GCC	GC	0.01414	0.02225	0.02240	-0.01414	0.02256	0.02240
GGC	GAC	GA	0.62296	0.05467	0.07345	-0.62296	0.10192	0.07345
GGC	GGT	CT	0.06291	0.02845	0.02936	-0.06291	0.03030	0.02936
GGA	CGA	GC	-1.36944	0.01664	0.00777	1.36944	0.00423	0.00777
GGA	AGA	GA	0.17640	0.04089	0.04460	-0.17640	0.04878	0.04460
GGA	GTA	GT	-0.30719	0.00750	0.00640	0.30719	0.00551	0.00640
GGA	GCA	GC	-0.31207	0.01664	0.01418	0.31207	0.01218	0.01418
GGA	GAA	GA	1.08370	0.04089	0.06697	-1.08370	0.12085	0.06697
GGA	GGT	AT	0.20879	0.00750	0.00830	-0.20879	0.00924	0.00830
GGA	GGC	AC	0.14588	0.01664	0.01788	-0.14588	0.01925	0.01788
GGG	TGG	GT	-0.34975	0.00782	0.00653	0.34975	0.00551	0.00653
GGG	CGG	GC	-0.22638	0.01736	0.01547	0.22638	0.01385	0.01547
GGG	AGG	GA	-0.34516	0.04267	0.03573	0.34516	0.03021	0.03573
GGG	GTG	GT	1.40248	0.00782	0.01455	-1.40248	0.03179	0.01455
GGG	GCG	GC	-1.81747	0.01736	0.00612	1.81747	0.00282	0.00612
GGG	GAG	GA	1.29513	0.04267	0.07610	-1.29513	0.15580	0.07610
GGG	GGT	GT	-0.03342	0.00782	0.00769	0.03342	0.00756	0.00769
GGG	GGC	GC	-0.09632	0.01736	0.01654	0.09632	0.01577	0.01654
GGG	GGA	GA	-0.24221	0.04267	0.03771	0.24221	0.03349	0.03771


Histograms
2Ns	FMut	FSub(CodonUsage)	FSubw(after w)

-3.55465	0.01419	0.00150
-3.19918	0.01367	0.00219
-2.84372	0.00435	0.00083
-2.48825	0.01361	0.00393
-2.13279	0.00448	0.00143
-1.77732	0.04170	0.01712
-1.42186	0.08810	0.04740
-1.06639	0.12974	0.08399
-0.71093	0.12404	0.09767
-0.35546	0.17673	0.16816
0.00000	0.13120	0.15155
0.35546	0.12125	0.16816
0.71093	0.06013	0.09767
1.06639	0.04471	0.08399
1.42186	0.02229	0.04740
1.77732	0.00686	0.01712
2.13279	0.00050	0.00143
2.48825	0.00131	0.00393
2.84372	0.00023	0.00083
3.19918	0.00057	0.00219
3.55465	0.00034	0.00150

Proportion of advantageous (S > 0) mutations:
 0.32067

Proportions of good & bad mutations (|S| > 2.0000) among mutations:
0.00295  0.05030

mean |Ns| = 0.84364	mean Ns+ = 0.59994	mean Ns- = -0.95867


MLEs of dN/dS (w) for site classes (K=4)

site class             0        1       2a       2b
proportion       0.09326  0.07067  0.47566  0.36041
background w     0.08491  1.00000  0.08491  1.00000
foreground w     0.08491  1.00000  1.00000  1.00000

Naive Empirical Bayes (NEB) probabilities for 4 classes
(amino acids refer to 1st sequence: Rhesus_macaque_Mx)

   1 I   0.00122 0.16269 0.00635 0.82974 ( 4)
   2 V   0.00001 0.16392 0.00003 0.83604 ( 4)
   3 K   0.05351 0.11326 0.25558 0.57764 ( 4)
   4 A   0.00001 0.16392 0.00007 0.83600 ( 4)
   5 D   0.00638 0.15811 0.02912 0.80639 ( 4)
   6 P   0.00011 0.16373 0.00108 0.83507 ( 4)
   7 A   0.00001 0.16390 0.00019 0.83590 ( 4)
   8 A   0.00004 0.16389 0.00021 0.83587 ( 4)
   9 A   0.00166 0.16048 0.01936 0.81850 ( 4)
  10 S   0.00000 0.16393 0.00000 0.83607 ( 4)
  11 Q   0.02974 0.13679 0.13584 0.69763 ( 4)
  12 P   0.02084 0.14406 0.10038 0.73472 ( 4)
  13 L   0.00106 0.16292 0.00511 0.83092 ( 4)
  14 L   0.00288 0.16120 0.01377 0.82214 ( 4)
  15 L   0.04668 0.11922 0.22606 0.60804 ( 4)
  16 N   0.00215 0.16191 0.01016 0.82578 ( 4)
  17 G   0.00114 0.15778 0.03636 0.80472 ( 4)
  18 D   0.00000 0.16393 0.00001 0.83606 ( 4)
  19 A   0.00001 0.16392 0.00007 0.83600 ( 4)
  20 D   0.00018 0.16342 0.00293 0.83347 ( 4)
  21 V   0.00000 0.16393 0.00002 0.83605 ( 4)
  22 A   0.00087 0.16306 0.00446 0.83161 ( 4)
  23 Q   0.13272 0.03842 0.63291 0.19596 ( 3)
  24 K   0.03128 0.13429 0.14952 0.68491 ( 4)
  25 S   0.00000 0.16393 0.00000 0.83607 ( 4)
  26 P   0.00000 0.16391 0.00014 0.83595 ( 4)
  27 G   0.00004 0.16385 0.00045 0.83566 ( 4)
  28 S   0.00014 0.16356 0.00212 0.83418 ( 4)
  29 V   0.00032 0.16363 0.00150 0.83454 ( 4)
  30 A   0.00010 0.16384 0.00045 0.83561 ( 4)
  31 E   0.00046 0.16346 0.00242 0.83366 ( 4)
  32 N   0.00010 0.16376 0.00094 0.83521 ( 4)
  33 N   0.04274 0.02120 0.82794 0.10812 ( 3)
  34 L   0.16231 0.00928 0.78111 0.04731 ( 3)
  35 C   0.04312 0.12272 0.20825 0.62590 ( 4)
  36 S   0.15413 0.02039 0.72150 0.10399 ( 3)
  37 Q   0.14700 0.02353 0.70944 0.12002 ( 3)
  38 Y   0.17500 0.00048 0.82209 0.00243 ( 3)
  39 E   0.14633 0.01824 0.74240 0.09303 ( 3)
  40 E   0.06326 0.09303 0.36922 0.47449 ( 4)
  41 K   0.17223 0.00139 0.81926 0.00711 ( 3)
  42 V   0.14180 0.02658 0.69608 0.13554 ( 3)
  43 R   0.16503 0.00279 0.81797 0.01422 ( 3)
  44 P   0.17502 0.00020 0.82377 0.00101 ( 3)
  45 C   0.17834 0.00012 0.82092 0.00061 ( 3)
  46 I   0.17034 0.00237 0.81517 0.01211 ( 3)
  47 D   0.17602 0.00053 0.82077 0.00269 ( 3)
  48 L   0.17474 0.00062 0.82151 0.00314 ( 3)
  49 I   0.13864 0.02180 0.72835 0.11121 ( 3)
  50 D   0.17518 0.00053 0.82158 0.00271 ( 3)
  51 S   0.02063 0.14477 0.09626 0.73834 ( 4)
  52 L   0.15288 0.01452 0.75855 0.07405 ( 3)
  53 R   0.17676 0.00044 0.82055 0.00224 ( 3)
  54 A   0.01558 0.14820 0.08041 0.75582 ( 4)
  55 L   0.16752 0.00705 0.78944 0.03598 ( 3)
  56 G   0.17159 0.00249 0.81322 0.01270 ( 3)
  57 V   0.15224 0.02196 0.71378 0.11201 ( 3)
  58 E   0.14206 0.01720 0.75299 0.08774 ( 3)
  59 Q   0.06314 0.09996 0.32706 0.50984 ( 4)
  60 D   0.17518 0.00053 0.82158 0.00271 ( 3)
  61 L   0.15192 0.01546 0.75380 0.07883 ( 3)
  62 A   0.00943 0.13497 0.16722 0.68838 ( 4)
  63 L   0.16105 0.01047 0.77507 0.05341 ( 3)
  64 P   0.17507 0.00015 0.82402 0.00076 ( 3)
  65 A   0.17579 0.00060 0.82057 0.00305 ( 3)
  66 I   0.16852 0.00303 0.81301 0.01544 ( 3)
  67 A   0.17555 0.00082 0.81944 0.00419 ( 3)
  68 V   0.17143 0.00025 0.82702 0.00130 ( 3)
  69 I   0.17009 0.00261 0.81397 0.01333 ( 3)
  70 G   0.17839 0.00012 0.82090 0.00059 ( 3)
  71 D   0.17518 0.00053 0.82158 0.00271 ( 3)
  72 Q   0.13329 0.02572 0.70982 0.13117 ( 3)
  73 S   0.16498 0.00182 0.82389 0.00931 ( 3)
  74 S   0.17707 0.00047 0.82003 0.00242 ( 3)
  75 G   0.17926 0.00013 0.81992 0.00069 ( 3)
  76 K   0.17402 0.00127 0.81821 0.00650 ( 3)
  77 S   0.17736 0.00021 0.82138 0.00105 ( 3)
  78 S   0.17594 0.00024 0.82261 0.00122 ( 3)
  79 V   0.02130 0.01030 0.91587 0.05253 ( 3)
  80 L   0.16840 0.00651 0.79191 0.03318 ( 3)
  81 E   0.17130 0.00194 0.81689 0.00987 ( 3)
  82 A   0.17413 0.00059 0.82227 0.00301 ( 3)
  83 L   0.15345 0.01405 0.76083 0.07167 ( 3)
  84 S   0.17713 0.00043 0.82028 0.00217 ( 3)
  85 G   0.17970 0.00013 0.81950 0.00067 ( 3)
  86 V   0.18134 0.00012 0.81789 0.00064 ( 3)
  87 A   0.02030 0.00565 0.94522 0.02882 ( 3)
  88 L   0.17433 0.00068 0.82150 0.00348 ( 3)
  89 P   0.17502 0.00020 0.82377 0.00101 ( 3)
  90 R   0.18163 0.00016 0.81739 0.00082 ( 3)
  91 G   0.16483 0.00230 0.82112 0.01175 ( 3)
  92 S   0.15237 0.01816 0.73687 0.09260 ( 3)
  93 G   0.17973 0.00010 0.81967 0.00050 ( 3)
  94 I   0.14026 0.01909 0.74326 0.09739 ( 3)
  95 V   0.16886 0.00150 0.82198 0.00766 ( 3)
  96 T   0.17986 0.00018 0.81903 0.00093 ( 3)
  97 R   0.17638 0.00028 0.82193 0.00141 ( 3)
  98 C   0.17942 0.00009 0.82004 0.00045 ( 3)
  99 P   0.17802 0.00030 0.82013 0.00155 ( 3)
 100 L   0.15763 0.00988 0.78212 0.05038 ( 3)
 101 V   0.13907 0.03202 0.66561 0.16330 ( 3)
 102 L   0.16731 0.00726 0.78843 0.03701 ( 3)
 103 K   0.16561 0.00913 0.77867 0.04658 ( 3)
 104 L   0.15724 0.01025 0.78021 0.05229 ( 3)
 105 K   0.16049 0.01391 0.75464 0.07095 ( 3)
 106 K   0.16282 0.01174 0.76554 0.05989 ( 3)
 107 L   0.05183 0.05413 0.61794 0.27609 ( 3)
 108 V   0.00000 0.16393 0.00000 0.83607 ( 4)
 109 N   0.00003 0.16390 0.00017 0.83590 ( 4)
 110 -   0.09326 0.07067 0.47566 0.36041 ( 3)
 111 E   0.00139 0.16026 0.02102 0.81734 ( 4)
 112 D   0.00488 0.15926 0.02362 0.81224 ( 4)
 113 E   0.04803 0.11851 0.22903 0.60443 ( 4)
 114 W   0.17731 0.00013 0.82192 0.00064 ( 3)
 115 R   0.02897 0.13657 0.13791 0.69655 ( 4)
 116 G   0.17924 0.00015 0.81983 0.00078 ( 3)
 117 K   0.08532 0.07676 0.44640 0.39151 ( 3)
 118 V   0.16862 0.00278 0.81441 0.01419 ( 3)
 119 S   0.00006 0.16384 0.00049 0.83561 ( 4)
 120 Y   0.16827 0.00664 0.79121 0.03388 ( 3)
 121 Q   0.00001 0.16392 0.00003 0.83604 ( 4)
 122 D   0.17265 0.00350 0.80601 0.01784 ( 3)
 123 Y   0.00000 0.16393 0.00000 0.83607 ( 4)
 124 E   0.00070 0.12228 0.25338 0.62364 ( 4)
 125 I   0.00015 0.16299 0.00560 0.83126 ( 4)
 126 E   0.01310 0.07251 0.54455 0.36983 ( 3)
 127 I   0.00336 0.16066 0.01656 0.81942 ( 4)
 128 L   0.00078 0.16318 0.00378 0.83226 ( 4)
 129 D   0.02597 0.09939 0.36771 0.50692 ( 4)
 130 A   0.07519 0.09406 0.35100 0.47975 ( 4)
 131 S   0.17177 0.00127 0.82045 0.00650 ( 3)
 132 E   0.00417 0.15998 0.01992 0.81592 ( 4)
 133 V   0.17042 0.00120 0.82226 0.00612 ( 3)
 134 E   0.14179 0.01915 0.74142 0.09765 ( 3)
 135 K   0.00002 0.16383 0.00060 0.83556 ( 4)
 136 E   0.05343 0.11421 0.24985 0.58251 ( 4)
 137 I   0.15834 0.01820 0.73062 0.09284 ( 3)
 138 N   0.05577 0.11191 0.26153 0.57078 ( 4)
 139 K   0.00351 0.14210 0.12967 0.72472 ( 4)
 140 A   0.16428 0.00989 0.77542 0.05042 ( 3)
 141 Q   0.16867 0.00282 0.81411 0.01439 ( 3)
 142 N   0.05209 0.11517 0.24534 0.58740 ( 4)
 143 T   0.00000 0.16393 0.00003 0.83605 ( 4)
 144 I   0.14091 0.02914 0.68132 0.14863 ( 3)
 145 A   0.17119 0.00149 0.81972 0.00760 ( 3)
 146 G   0.17964 0.00011 0.81969 0.00056 ( 3)
 147 E   0.01326 0.15153 0.06239 0.77282 ( 4)
 148 G   0.04782 0.09032 0.40119 0.46067 ( 4)
 149 M   0.00000 0.16393 0.00000 0.83607 ( 4)
 150 G   0.00101 0.15762 0.03746 0.80391 ( 4)
 151 I   0.17000 0.00270 0.81356 0.01375 ( 3)
 152 S   0.17858 0.00014 0.82058 0.00070 ( 3)
 153 H   0.00092 0.16309 0.00423 0.83177 ( 4)
 154 E   0.05392 0.11294 0.25715 0.57599 ( 4)
 155 L   0.17247 0.00141 0.81894 0.00718 ( 3)
 156 I   0.17057 0.00216 0.81627 0.01100 ( 3)
 157 T   0.02944 0.13635 0.13879 0.69541 ( 4)
 158 L   0.16548 0.00795 0.78601 0.04056 ( 3)
 159 E   0.15091 0.02121 0.71968 0.10820 ( 3)
 160 I   0.13086 0.03804 0.63707 0.19402 ( 3)
 161 S   0.13775 0.02712 0.69684 0.13829 ( 3)
 162 S   0.17579 0.00034 0.82216 0.00172 ( 3)
 163 R   0.17122 0.00466 0.80034 0.02378 ( 3)
 164 D   0.01032 0.14793 0.08726 0.75448 ( 4)
 165 V   0.17888 0.00013 0.82029 0.00069 ( 3)
 166 P   0.17598 0.00019 0.82286 0.00098 ( 3)
 167 D   0.17523 0.00048 0.82184 0.00245 ( 3)
 168 L   0.15192 0.01546 0.75380 0.07883 ( 3)
 169 T   0.17659 0.00015 0.82248 0.00078 ( 3)
 170 L   0.16976 0.00396 0.80608 0.02020 ( 3)
 171 I   0.17203 0.00078 0.82324 0.00396 ( 3)
 172 D   0.17602 0.00053 0.82077 0.00269 ( 3)
 173 L   0.17420 0.00080 0.82090 0.00410 ( 3)
 174 P   0.17464 0.00054 0.82204 0.00277 ( 3)
 175 G   0.17836 0.00015 0.82073 0.00076 ( 3)
 176 I   0.17043 0.00229 0.81559 0.01169 ( 3)
 177 T   0.17067 0.00272 0.81272 0.01389 ( 3)
 178 R   0.17712 0.00011 0.82220 0.00057 ( 3)
 179 V   0.15071 0.01767 0.74151 0.09011 ( 3)
 180 A   0.17327 0.00144 0.81791 0.00737 ( 3)
 181 V   0.03075 0.00932 0.91239 0.04754 ( 3)
 182 G   0.02489 0.00123 0.96759 0.00629 ( 3)
 183 N   0.17540 0.00181 0.81357 0.00923 ( 3)
 184 Q   0.16845 0.00298 0.81337 0.01519 ( 3)
 185 P   0.17578 0.00038 0.82191 0.00194 ( 3)
 186 P   0.00000 0.16393 0.00000 0.83607 ( 4)
 187 D   0.17516 0.00054 0.82156 0.00274 ( 3)
 188 I   0.14321 0.02417 0.70936 0.12326 ( 3)
 189 G   0.13908 0.03682 0.63631 0.18780 ( 3)
 190 Y   0.00000 0.16390 0.00017 0.83592 ( 4)
 191 K   0.04181 0.12398 0.20190 0.63230 ( 4)
 192 I   0.14141 0.02889 0.68234 0.14735 ( 3)
 193 K   0.17402 0.00127 0.81821 0.00650 ( 3)
 194 T   0.00003 0.16370 0.00136 0.83491 ( 4)
 195 L   0.17298 0.00093 0.82134 0.00475 ( 3)
 196 I   0.13703 0.02941 0.68359 0.14998 ( 3)
 197 R   0.00059 0.16338 0.00279 0.83324 ( 4)
 198 K   0.06965 0.09883 0.32748 0.50405 ( 4)
 199 Y   0.00171 0.01292 0.91950 0.06587 ( 3)
 200 I   0.16990 0.00279 0.81309 0.01422 ( 3)
 201 Q   0.00000 0.16393 0.00000 0.83607 ( 4)
 202 R   0.00047 0.16344 0.00249 0.83360 ( 4)
 203 Q   0.14821 0.02484 0.70026 0.12669 ( 3)
 204 E   0.17119 0.00189 0.81728 0.00964 ( 3)
 205 T   0.17656 0.00018 0.82234 0.00092 ( 3)
 206 I   0.16835 0.00317 0.81231 0.01617 ( 3)
 207 N   0.16590 0.00722 0.79005 0.03683 ( 3)
 208 L   0.11445 0.05003 0.58033 0.25518 ( 3)
 209 V   0.18041 0.00110 0.81290 0.00560 ( 3)
 210 V   0.16941 0.00216 0.81743 0.01100 ( 3)
 211 V   0.17191 0.00020 0.82684 0.00104 ( 3)
 212 P   0.17600 0.00018 0.82293 0.00090 ( 3)
 213 S   0.00530 0.15909 0.02424 0.81137 ( 4)
 214 N   0.17737 0.00006 0.82225 0.00031 ( 3)
 215 V   0.16891 0.00263 0.81502 0.01343 ( 3)
 216 D   0.17602 0.00053 0.82077 0.00269 ( 3)
 217 I   0.17070 0.00204 0.81688 0.01039 ( 3)
 218 A   0.17575 0.00063 0.82039 0.00323 ( 3)
 219 T   0.17653 0.00021 0.82220 0.00106 ( 3)
 220 T   0.17646 0.00027 0.82189 0.00138 ( 3)
 221 E   0.17117 0.00199 0.81671 0.01014 ( 3)
 222 A   0.17677 0.00005 0.82290 0.00028 ( 3)
 223 L   0.15237 0.01501 0.75605 0.07657 ( 3)
 224 S   0.00052 0.16343 0.00250 0.83354 ( 4)
 225 M   0.18394 0.00002 0.81596 0.00008 ( 3)
 226 A   0.17111 0.00157 0.81929 0.00803 ( 3)
 227 Q   0.17194 0.00227 0.81421 0.01158 ( 3)
 228 E   0.15184 0.02020 0.72492 0.10303 ( 3)
 229 V   0.16891 0.00263 0.81502 0.01343 ( 3)
 230 D   0.17516 0.00054 0.82156 0.00274 ( 3)
 231 P   0.17510 0.00027 0.82325 0.00138 ( 3)
 232 E   0.00006 0.16387 0.00030 0.83576 ( 4)
 233 G   0.17836 0.00015 0.82074 0.00075 ( 3)
 234 D   0.16464 0.00758 0.78912 0.03867 ( 3)
 235 R   0.18177 0.00005 0.81791 0.00027 ( 3)
 236 T   0.17664 0.00019 0.82219 0.00098 ( 3)
 237 I   0.16550 0.00846 0.78288 0.04316 ( 3)
 238 G   0.17926 0.00013 0.81997 0.00064 ( 3)
 239 I   0.04706 0.11490 0.25201 0.58603 ( 4)
 240 L   0.17161 0.00353 0.80688 0.01798 ( 3)
 241 T   0.17667 0.00018 0.82221 0.00093 ( 3)
 242 K   0.17402 0.00127 0.81821 0.00650 ( 3)
 243 P   0.17495 0.00034 0.82298 0.00173 ( 3)
 244 D   0.17607 0.00043 0.82133 0.00218 ( 3)
 245 L   0.15436 0.01321 0.76508 0.06736 ( 3)
 246 V   0.16891 0.00263 0.81502 0.01343 ( 3)
 247 D   0.15802 0.00462 0.81377 0.02359 ( 3)
 248 K   0.00032 0.16164 0.01364 0.82440 ( 4)
 249 G   0.17837 0.00014 0.82079 0.00070 ( 3)
 250 T   0.17831 0.00159 0.81198 0.00812 ( 3)
 251 E   0.17143 0.00181 0.81752 0.00924 ( 3)
 252 D   0.01782 0.14700 0.08544 0.74974 ( 4)
 253 K   0.00372 0.12711 0.22088 0.64829 ( 4)
 254 V   0.02312 0.01928 0.85929 0.09832 ( 3)
 255 V   0.00486 0.15374 0.05728 0.78411 ( 4)
 256 D   0.00856 0.11121 0.31305 0.56718 ( 4)
 257 V   0.15224 0.02196 0.71378 0.11201 ( 3)
 258 V   0.00174 0.16229 0.00829 0.82769 ( 4)
 259 R   0.12553 0.04513 0.59917 0.23017 ( 3)
 260 N   0.17754 0.00002 0.82232 0.00012 ( 3)
 261 L   0.03452 0.13095 0.16669 0.66784 ( 4)
 262 V   0.17859 0.00040 0.81896 0.00204 ( 3)
 263 F   0.00067 0.16329 0.00325 0.83279 ( 4)
 264 H   0.15639 0.02009 0.72104 0.10248 ( 3)
 265 L   0.16782 0.00709 0.78894 0.03616 ( 3)
 266 K   0.16722 0.00845 0.78122 0.04311 ( 3)
 267 K   0.17402 0.00127 0.81821 0.00650 ( 3)
 268 G   0.17814 0.00017 0.82082 0.00087 ( 3)
 269 Y   0.17482 0.00052 0.82199 0.00267 ( 3)
 270 M   0.18394 0.00002 0.81596 0.00008 ( 3)
 271 I   0.02756 0.00997 0.91163 0.05084 ( 3)
 272 V   0.17141 0.00027 0.82694 0.00138 ( 3)
 273 K   0.17227 0.00138 0.81933 0.00703 ( 3)
 274 C   0.17939 0.00011 0.81994 0.00056 ( 3)
 275 R   0.14512 0.02487 0.70320 0.12682 ( 3)
 276 G   0.17966 0.00013 0.81952 0.00069 ( 3)
 277 Q   0.17194 0.00227 0.81421 0.01158 ( 3)
 278 Q   0.03881 0.12481 0.19981 0.63656 ( 4)
 279 E   0.11598 0.05574 0.54396 0.28431 ( 3)
 280 I   0.13220 0.03340 0.66408 0.17033 ( 3)
 281 Q   0.00130 0.16222 0.00914 0.82734 ( 4)
 282 D   0.00472 0.15972 0.02094 0.81462 ( 4)
 283 Q   0.00619 0.15317 0.05945 0.78119 ( 4)
 284 L   0.01148 0.15271 0.05694 0.77886 ( 4)
 285 S   0.12932 0.04085 0.62149 0.20834 ( 3)
 286 L   0.09634 0.06799 0.48891 0.34676 ( 3)
 287 S   0.00147 0.16244 0.00759 0.82849 ( 4)
 288 E   0.00226 0.16183 0.01054 0.82536 ( 4)
 289 A   0.17393 0.00091 0.82052 0.00464 ( 3)
 290 L   0.02088 0.14390 0.10132 0.73390 ( 4)
 291 Q   0.02444 0.01034 0.91252 0.05271 ( 3)
 292 R   0.00696 0.15726 0.03375 0.80203 ( 4)
 293 E   0.17119 0.00189 0.81729 0.00963 ( 3)
 294 K   0.00120 0.16281 0.00561 0.83038 ( 4)
 295 I   0.00000 0.16392 0.00005 0.83603 ( 4)
 296 F   0.17473 0.00057 0.82182 0.00289 ( 3)
 297 F   0.17395 0.00110 0.81934 0.00561 ( 3)
 298 E   0.05714 0.10983 0.27289 0.56014 ( 4)
 299 D   0.00026 0.16369 0.00120 0.83485 ( 4)
 300 H   0.17942 0.00009 0.82006 0.00044 ( 3)
 301 P   0.00011 0.16383 0.00051 0.83555 ( 4)
 302 H   0.00006 0.16146 0.01500 0.82348 ( 4)
 303 F   0.17473 0.00057 0.82182 0.00289 ( 3)
 304 R   0.16360 0.01247 0.76034 0.06360 ( 3)
 305 D   0.00019 0.16372 0.00110 0.83499 ( 4)
 306 L   0.17409 0.00091 0.82037 0.00463 ( 3)
 307 L   0.15381 0.01361 0.76317 0.06941 ( 3)
 308 E   0.16285 0.01247 0.76111 0.06358 ( 3)
 309 E   0.01251 0.07121 0.55311 0.36317 ( 3)
 310 G   0.15526 0.02364 0.70052 0.12058 ( 3)
 311 K   0.06906 0.09875 0.32853 0.50366 ( 4)
 312 A   0.17177 0.00095 0.82244 0.00484 ( 3)
 313 T   0.17989 0.00015 0.81918 0.00077 ( 3)
 314 I   0.01492 0.14966 0.07214 0.76328 ( 4)
 315 P   0.17519 0.00018 0.82373 0.00091 ( 3)
 316 C   0.01666 0.14874 0.07599 0.75860 ( 4)
 317 L   0.15318 0.01422 0.76006 0.07254 ( 3)
 318 A   0.17613 0.00027 0.82221 0.00139 ( 3)
 319 E   0.00025 0.16195 0.01184 0.82596 ( 4)
 320 K   0.07032 0.09744 0.33526 0.49697 ( 4)
 321 L   0.16973 0.00527 0.79811 0.02689 ( 3)
 322 T   0.17654 0.00020 0.82225 0.00101 ( 3)
 323 S   0.00000 0.16393 0.00000 0.83607 ( 4)
 324 E   0.17129 0.00194 0.81686 0.00991 ( 3)
 325 L   0.17437 0.00065 0.82169 0.00329 ( 3)
 326 I   0.05289 0.11332 0.25583 0.57795 ( 4)
 327 A   0.00041 0.16353 0.00201 0.83404 ( 4)
 328 H   0.16927 0.00077 0.82606 0.00391 ( 3)
 329 I   0.16998 0.00272 0.81343 0.01387 ( 3)
 330 C   0.12318 0.04637 0.59398 0.23647 ( 3)
 331 K   0.17456 0.00077 0.82073 0.00394 ( 3)
 332 S   0.13959 0.03661 0.63709 0.18671 ( 3)
 333 L   0.16105 0.01047 0.77507 0.05341 ( 3)
 334 P   0.17498 0.00023 0.82359 0.00119 ( 3)
 335 L   0.00041 0.16321 0.00401 0.83237 ( 4)
 336 L   0.16772 0.00900 0.77736 0.04591 ( 3)
 337 E   0.17119 0.00188 0.81733 0.00960 ( 3)
 338 N   0.00903 0.10986 0.32084 0.56028 ( 4)
 339 Q   0.17336 0.00094 0.82090 0.00479 ( 3)
 340 I   0.16771 0.00265 0.81615 0.01349 ( 3)
 341 K   0.00081 0.16071 0.01882 0.81966 ( 4)
 342 E   0.00031 0.16361 0.00161 0.83446 ( 4)
 343 S   0.00000 0.16393 0.00002 0.83605 ( 4)
 344 H   0.15885 0.00856 0.78891 0.04367 ( 3)
 345 Q   0.14849 0.02432 0.70317 0.12402 ( 3)
 346 G   0.00000 0.16393 0.00001 0.83606 ( 4)
 347 I   0.00234 0.15039 0.08025 0.76702 ( 4)
 348 T   0.00027 0.16061 0.01999 0.81913 ( 4)
 349 E   0.03376 0.06485 0.57064 0.33075 ( 3)
 350 E   0.17129 0.00194 0.81688 0.00989 ( 3)
 351 L   0.17205 0.00180 0.81696 0.00919 ( 3)
 352 Q   0.17275 0.00151 0.81801 0.00772 ( 3)
 353 K   0.17221 0.00141 0.81918 0.00720 ( 3)
 354 Y   0.17483 0.00051 0.82206 0.00260 ( 3)
 355 G   0.13784 0.02933 0.68325 0.14958 ( 3)
 356 V   0.00000 0.16393 0.00000 0.83607 ( 4)
 357 D   0.12695 0.03724 0.64586 0.18994 ( 3)
 358 I   0.01879 0.14640 0.08816 0.74665 ( 4)
 359 P   0.17148 0.00324 0.80874 0.01654 ( 3)
 360 E   0.01130 0.14624 0.09661 0.74585 ( 4)
 361 D   0.00149 0.16016 0.02149 0.81685 ( 4)
 362 E   0.03605 0.12388 0.20826 0.63181 ( 4)
 363 N   0.00001 0.16383 0.00062 0.83554 ( 4)
 364 E   0.00053 0.16340 0.00273 0.83334 ( 4)
 365 K   0.16399 0.00913 0.78032 0.04656 ( 3)
 366 M   0.01499 0.03583 0.76644 0.18274 ( 3)
 367 F   0.00065 0.16019 0.02218 0.81698 ( 4)
 368 F   0.08849 0.08120 0.41620 0.41411 ( 3)
 369 L   0.16764 0.00723 0.78828 0.03686 ( 3)
 370 I   0.00090 0.15788 0.03603 0.80519 ( 4)
 371 D   0.01522 0.14761 0.08431 0.75285 ( 4)
 372 K   0.06399 0.10271 0.30949 0.52381 ( 4)
 373 I   0.03014 0.13515 0.14541 0.68930 ( 4)
 374 N   0.02429 0.14068 0.11754 0.71749 ( 4)
 375 A   0.00014 0.15569 0.05013 0.79404 ( 4)
 376 F   0.17138 0.00137 0.82025 0.00700 ( 3)
 377 N   0.17685 0.00024 0.82170 0.00121 ( 3)
 378 Q   0.00000 0.16393 0.00002 0.83605 ( 4)
 379 D   0.11177 0.06012 0.52149 0.30662 ( 3)
 380 I   0.02603 0.01668 0.87223 0.08506 ( 3)
 381 T   0.00000 0.16393 0.00001 0.83606 ( 4)
 382 A   0.00000 0.16393 0.00000 0.83607 ( 4)
 383 L   0.00003 0.16386 0.00040 0.83571 ( 4)
 384 I   0.05004 0.11271 0.26242 0.57483 ( 4)
 385 Q   0.00048 0.15135 0.07624 0.77193 ( 4)
 386 G   0.17555 0.00272 0.80787 0.01386 ( 3)
 387 E   0.04839 0.11330 0.26048 0.57784 ( 4)
 388 E   0.17142 0.00182 0.81746 0.00930 ( 3)
 389 T   0.00000 0.16393 0.00000 0.83607 ( 4)
 390 V   0.01494 0.14916 0.07517 0.76073 ( 4)
 391 G   0.00004 0.16389 0.00021 0.83586 ( 4)
 392 E   0.00116 0.16286 0.00535 0.83063 ( 4)
 393 D   0.00019 0.16375 0.00089 0.83517 ( 4)
 394 D   0.00327 0.16083 0.01564 0.82026 ( 4)
 395 S   0.00152 0.16248 0.00736 0.82865 ( 4)
 396 R   0.17676 0.00044 0.82054 0.00225 ( 3)
 397 L   0.16425 0.00949 0.77786 0.04840 ( 3)
 398 F   0.17123 0.00151 0.81955 0.00770 ( 3)
 399 T   0.09006 0.01605 0.81205 0.08184 ( 3)
 400 R   0.16501 0.00970 0.77584 0.04946 ( 3)
 401 L   0.00047 0.16347 0.00232 0.83373 ( 4)
 402 R   0.18192 0.00015 0.81713 0.00079 ( 3)
 403 R   0.00002 0.16391 0.00012 0.83595 ( 4)
 404 E   0.17116 0.00199 0.81667 0.01017 ( 3)
 405 F   0.17177 0.00100 0.82213 0.00510 ( 3)
 406 H   0.00002 0.16390 0.00019 0.83590 ( 4)
 407 K   0.00845 0.15609 0.03939 0.79607 ( 4)
 408 W   0.17731 0.00013 0.82192 0.00064 ( 3)
 409 G   0.00359 0.16063 0.01653 0.81925 ( 4)
 410 I   0.00001 0.16387 0.00035 0.83577 ( 4)
 411 I   0.00000 0.16393 0.00000 0.83607 ( 4)
 412 I   0.08113 0.08789 0.38275 0.44824 ( 4)
 413 E   0.03447 0.13002 0.17238 0.66313 ( 4)
 414 N   0.04757 0.11887 0.22729 0.60627 ( 4)
 415 N   0.00424 0.15968 0.02171 0.81437 ( 4)
 416 L   0.00420 0.12773 0.21661 0.65146 ( 4)
 417 Q   0.00006 0.16388 0.00027 0.83580 ( 4)
 418 E   0.01524 0.14955 0.07248 0.76273 ( 4)
 419 -   0.09326 0.07067 0.47566 0.36041 ( 3)
 420 -   0.09326 0.07067 0.47566 0.36041 ( 3)
 421 G   0.15341 0.02501 0.69402 0.12756 ( 3)
 422 H   0.00002 0.16391 0.00012 0.83596 ( 4)
 423 K   0.00000 0.16393 0.00001 0.83606 ( 4)
 424 I   0.00000 0.16391 0.00011 0.83598 ( 4)
 425 T   0.00004 0.16389 0.00018 0.83589 ( 4)
 426 S   0.00000 0.16393 0.00001 0.83606 ( 4)
 427 R   0.08793 0.08325 0.40422 0.42460 ( 4)
 428 K   0.00286 0.16126 0.01345 0.82243 ( 4)
 429 M   0.09147 0.08077 0.41584 0.41192 ( 3)
 430 Q   0.00000 0.16393 0.00001 0.83607 ( 4)
 431 K   0.00652 0.15784 0.03065 0.80500 ( 4)
 432 F   0.15648 0.01744 0.73711 0.08897 ( 3)
 433 E   0.17145 0.00179 0.81764 0.00912 ( 3)
 434 N   0.13196 0.03986 0.62489 0.20329 ( 3)
 435 Q   0.00529 0.15888 0.02554 0.81029 ( 4)
 436 Y   0.17485 0.00050 0.82213 0.00253 ( 3)
 437 R   0.18372 0.00003 0.81608 0.00017 ( 3)
 438 G   0.17835 0.00016 0.82069 0.00080 ( 3)
 439 R   0.17591 0.00039 0.82171 0.00199 ( 3)
 440 E   0.15145 0.02058 0.72303 0.10495 ( 3)
 441 L   0.12644 0.04237 0.61508 0.21610 ( 3)
 442 P   0.17582 0.00034 0.82212 0.00173 ( 3)
 443 G   0.16982 0.00174 0.81954 0.00890 ( 3)
 444 F   0.17351 0.00146 0.81761 0.00743 ( 3)
 445 V   0.14180 0.02658 0.69608 0.13554 ( 3)
 446 N   0.14292 0.02707 0.69198 0.13804 ( 3)
 447 Y   0.17482 0.00052 0.82199 0.00267 ( 3)
 448 R   0.02793 0.13778 0.13159 0.70269 ( 4)
 449 T   0.17477 0.00357 0.80346 0.01820 ( 3)
 450 F   0.17116 0.00158 0.81923 0.00804 ( 3)
 451 E   0.17114 0.00194 0.81704 0.00989 ( 3)
 452 T   0.00016 0.16378 0.00076 0.83530 ( 4)
 453 I   0.17011 0.00259 0.81406 0.01323 ( 3)
 454 V   0.17216 0.00550 0.79431 0.02803 ( 3)
 455 K   0.17448 0.00085 0.82036 0.00431 ( 3)
 456 Q   0.00816 0.15615 0.03928 0.79641 ( 4)
 457 Q   0.07695 0.09159 0.36435 0.46712 ( 4)
 458 I   0.06032 0.10625 0.29155 0.54188 ( 4)
 459 K   0.00000 0.16389 0.00022 0.83589 ( 4)
 460 A   0.00013 0.16371 0.00124 0.83492 ( 4)
 461 L   0.16128 0.01147 0.76878 0.05847 ( 3)
 462 E   0.17119 0.00188 0.81733 0.00960 ( 3)
 463 E   0.17116 0.00192 0.81713 0.00980 ( 3)
 464 P   0.17242 0.00350 0.80621 0.01787 ( 3)
 465 A   0.17091 0.00176 0.81834 0.00899 ( 3)
 466 V   0.01231 0.07549 0.52722 0.38499 ( 3)
 467 N   0.00142 0.16066 0.01854 0.81938 ( 4)
 468 M   0.02674 0.00016 0.97229 0.00081 ( 3)
 469 L   0.15492 0.01252 0.76870 0.06385 ( 3)
 470 H   0.17039 0.01228 0.75473 0.06261 ( 3)
 471 T   0.02639 0.08250 0.47034 0.42077 ( 3)
 472 V   0.14796 0.02265 0.71389 0.11550 ( 3)
 473 T   0.16759 0.00287 0.81490 0.01464 ( 3)
 474 D   0.00000 0.16391 0.00011 0.83597 ( 4)
 475 M   0.01590 0.03708 0.75790 0.18912 ( 3)
 476 V   0.17970 0.00161 0.81049 0.00821 ( 3)
 477 R   0.00049 0.16346 0.00235 0.83369 ( 4)
 478 L   0.00000 0.16393 0.00000 0.83607 ( 4)
 479 A   0.01039 0.15407 0.04977 0.78577 ( 4)
 480 F   0.17201 0.00078 0.82325 0.00397 ( 3)
 481 T   0.00001 0.16392 0.00004 0.83603 ( 4)
 482 D   0.00047 0.16345 0.00243 0.83364 ( 4)
 483 V   0.03976 0.12662 0.18785 0.64578 ( 4)
 484 S   0.01120 0.14550 0.10124 0.74206 ( 4)
 485 M   0.00000 0.16393 0.00000 0.83607 ( 4)
 486 K   0.00142 0.16259 0.00673 0.82926 ( 4)
 487 N   0.00588 0.15823 0.02887 0.80702 ( 4)
 488 F   0.17111 0.00162 0.81898 0.00828 ( 3)
 489 E   0.00015 0.16379 0.00073 0.83534 ( 4)
 490 E   0.09544 0.07506 0.44665 0.38284 ( 3)
 491 L   0.15371 0.01813 0.73568 0.09248 ( 3)
 492 F   0.00089 0.15854 0.03201 0.80856 ( 4)
 493 N   0.17754 0.00002 0.82232 0.00012 ( 3)
 494 L   0.17391 0.00148 0.81705 0.00755 ( 3)
 495 H   0.00607 0.15831 0.02824 0.80738 ( 4)
 496 R   0.00476 0.15758 0.03400 0.80366 ( 4)
 497 T   0.16945 0.00207 0.81789 0.01058 ( 3)
 498 A   0.09386 0.07487 0.44943 0.38184 ( 3)
