Supplemental results for CODEML (seqf: ../../../myxovirus.aln  treef: ../../../myxovirus_branch_duck.tree)

I	J	ij	2Ns_IJ	pMut_IJ	pSub_IJ	2Ns_JI	pMut_JI	pSub_JI

TTC	TTT	CT	0.70106	0.03381	0.04703	-0.70106	0.06815	0.04703
TTA	TTT	AT	1.93126	0.00302	0.00682	-1.93126	0.02083	0.00682
TTA	TTC	AC	1.23020	0.00668	0.01161	-1.23020	0.02286	0.01161
TTG	TTT	GT	0.84242	0.00734	0.01087	-0.84242	0.01705	0.01087
TTG	TTC	GC	0.14136	0.01625	0.01743	-0.14136	0.01872	0.01743
TTG	TTA	GA	-1.08883	0.03999	0.02210	1.08883	0.01346	0.02210
TCT	TTT	CT	1.52578	0.01482	0.02889	-1.52578	0.06815	0.02889
TCC	TTC	CT	1.19296	0.02269	0.03886	-1.19296	0.07481	0.03886
TCC	TCT	CT	0.36823	0.02269	0.02713	-0.36823	0.03279	0.02713
TCA	TTA	CT	0.41625	0.01250	0.01529	-0.41625	0.01896	0.01529
TCA	TCT	AT	0.82172	0.00441	0.00646	-0.82172	0.01002	0.00646
TCA	TCC	AC	0.45349	0.00975	0.01213	-0.45349	0.01534	0.01213
TCG	TTG	CT	1.89293	0.00695	0.01548	-1.89293	0.04612	0.01548
TCG	TCT	GT	1.20957	0.00245	0.00422	-1.20957	0.00821	0.00422
TCG	TCC	GC	0.84134	0.00542	0.00801	-0.84134	0.01256	0.00801
TCG	TCA	GA	0.38785	0.01333	0.01608	-0.38785	0.01965	0.01608
TAT	TTT	AT	1.30807	0.00563	0.01009	-1.30807	0.02083	0.01009
TAT	TCT	AC	-0.21772	0.01246	0.01115	0.21772	0.01002	0.01115
TAC	TTC	AT	0.88184	0.00946	0.01424	-0.88184	0.02286	0.01424
TAC	TCC	AC	-0.31112	0.02094	0.01786	0.31112	0.01534	0.01786
TAC	TAT	CT	0.27483	0.02686	0.03072	-0.27483	0.03536	0.03072
TGT	TTT	GT	1.78689	0.00286	0.00613	-1.78689	0.01705	0.00613
TGT	TCT	GC	0.26110	0.00632	0.00718	-0.26110	0.00821	0.00718
TGT	TAT	GA	0.47882	0.01555	0.01957	-0.47882	0.02510	0.01957
TGC	TTC	GT	1.17281	0.00579	0.00984	-1.17281	0.01872	0.00984
TGC	TCC	GC	-0.02015	0.01282	0.01269	0.02015	0.01256	0.01269
TGC	TAC	GA	0.29097	0.03155	0.03636	-0.29097	0.04220	0.03636
TGC	TGT	CT	0.08699	0.01644	0.01717	-0.08699	0.01793	0.01717
TGG	TTG	GT	1.19049	0.00351	0.00600	-1.19049	0.01154	0.00600
TGG	TCG	GC	-0.70244	0.00776	0.00535	0.70244	0.00385	0.00535
TGG	TGT	GT	0.24603	0.00351	0.00396	-0.24603	0.00449	0.00396
TGG	TGC	GC	0.15905	0.00776	0.00840	-0.15905	0.00910	0.00840
CTT	TTT	CT	1.12032	0.02223	0.03696	-1.12032	0.06815	0.03696
CTC	TTC	CT	0.96574	0.02848	0.04441	-0.96574	0.07481	0.04441
CTC	CTT	CT	0.54648	0.02848	0.03697	-0.54648	0.04919	0.03697
CTA	TTA	CT	0.51342	0.01135	0.01451	-0.51342	0.01896	0.01451
CTA	CTT	AT	1.32435	0.00400	0.00721	-1.32435	0.01503	0.00721
CTA	CTC	AC	0.77787	0.00885	0.01273	-0.77787	0.01926	0.01273
CTG	TTG	CT	-0.73174	0.09586	0.06503	0.73174	0.04612	0.06503
CTG	CTT	GT	-1.00963	0.03378	0.01955	1.00963	0.01231	0.01955
CTG	CTC	GC	-1.55611	0.07475	0.03110	1.55611	0.01577	0.03110
CTG	CTA	GA	-2.33398	0.18397	0.04608	2.33398	0.01783	0.04608
CCT	TCT	CT	0.45339	0.02084	0.02592	-0.45339	0.03279	0.02592
CCT	CTT	CT	0.85886	0.02084	0.03105	-0.85886	0.04919	0.03105
CCC	TCC	CT	1.00984	0.01829	0.02906	-1.00984	0.05022	0.02906
CCC	CTC	CT	1.23705	0.01829	0.03188	-1.23705	0.06303	0.03188
CCC	CCT	CT	0.92468	0.01829	0.02804	-0.92468	0.04612	0.02804
CCA	TCA	CT	0.52062	0.01644	0.02109	-0.52062	0.02767	0.02109
CCA	CTA	CT	0.42346	0.01644	0.02017	-0.42346	0.02511	0.02017
CCA	CCT	AT	0.88895	0.00579	0.00874	-0.88895	0.01409	0.00874
CCA	CCC	AC	-0.03573	0.01282	0.01259	0.03573	0.01237	0.01259
CCG	TCG	CT	1.10447	0.00509	0.00841	-1.10447	0.01537	0.00841
CCG	CTG	CT	3.72914	0.00509	0.01946	-3.72914	0.21214	0.01946
CCG	CCT	GT	1.86065	0.00180	0.00396	-1.86065	0.01154	0.00396
CCG	CCC	GC	0.93597	0.00397	0.00612	-0.93597	0.01013	0.00612
CCG	CCA	GA	0.97170	0.00978	0.01528	-0.97170	0.02583	0.01528
CAT	TAT	CT	1.02109	0.01274	0.02033	-1.02109	0.03536	0.02033
CAT	CTT	AT	1.20884	0.00449	0.00773	-1.20884	0.01503	0.00773
CAT	CCT	AC	0.34998	0.00993	0.01177	-0.34998	0.01409	0.01177
CAC	TAC	CT	0.75212	0.02802	0.03986	-0.75212	0.05944	0.03986
CAC	CTC	AT	0.66822	0.00987	0.01354	-0.66822	0.01926	0.01354
CAC	CCC	AC	-0.56884	0.02185	0.01622	0.56884	0.01237	0.01622
CAC	CAT	CT	0.00586	0.02802	0.02810	-0.00586	0.02818	0.02810
CAA	CTA	AT	-0.28467	0.01020	0.00882	0.28467	0.00767	0.00882
CAA	CCA	AC	-0.70813	0.02257	0.01551	0.70813	0.01112	0.01551
CAA	CAT	AT	-0.16916	0.01020	0.00936	0.16916	0.00861	0.00936
CAA	CAC	AC	-0.17502	0.02257	0.02065	0.17502	0.01895	0.02065
CAG	CTG	AT	0.79159	0.02937	0.04252	-0.79159	0.06482	0.04252
CAG	CCG	AC	-2.93756	0.06500	0.01069	2.93756	0.00344	0.01069
CAG	CAT	GT	-1.42689	0.02937	0.01324	1.42689	0.00705	0.01324
CAG	CAC	GC	-1.43275	0.06500	0.02919	1.43275	0.01551	0.02919
CAG	CAA	GA	-1.25773	0.15997	0.07992	1.25773	0.04548	0.07992
CGT	TGT	CT	1.25862	0.00509	0.00896	-1.25862	0.01793	0.00896
CGT	CTT	GT	1.92519	0.00180	0.00405	-1.92519	0.01231	0.00405
CGT	CCT	GC	1.06633	0.00397	0.00646	-1.06633	0.01154	0.00646
CGT	CAT	GA	0.71635	0.00978	0.01369	-0.71635	0.02001	0.01369
CGC	TGC	CT	1.18580	0.01111	0.01898	-1.18580	0.03638	0.01898
CGC	CTC	GT	1.39287	0.00392	0.00726	-1.39287	0.01577	0.00726
CGC	CCC	GC	0.15581	0.00867	0.00936	-0.15581	0.01013	0.00936
CGC	CAC	GA	0.72465	0.02133	0.02998	-0.72465	0.04402	0.02998
CGC	CGT	CT	0.01416	0.01111	0.01119	-0.01416	0.01127	0.01119
CGA	CTA	GT	0.84720	0.00269	0.00399	-0.84720	0.00628	0.00399
CGA	CCA	GC	0.42374	0.00596	0.00731	-0.42374	0.00910	0.00731
CGA	CAA	GA	1.13187	0.01466	0.02450	-1.13187	0.04548	0.02450
CGA	CGT	AT	0.24636	0.00269	0.00304	-0.24636	0.00344	0.00304
CGA	CGC	AC	0.23220	0.00596	0.00668	-0.23220	0.00752	0.00668
CGG	TGG	CT	-0.12661	0.02501	0.02346	0.12661	0.02203	0.02346
CGG	CTG	GT	1.79562	0.00881	0.01897	-1.79562	0.05308	0.01897
CGG	CCG	GC	-1.93352	0.01950	0.00638	1.93352	0.00282	0.00638
CGG	CAG	GA	1.00403	0.04799	0.07605	-1.00403	0.13098	0.07605
CGG	CGT	GT	-1.13920	0.00881	0.00473	1.13920	0.00282	0.00473
CGG	CGC	GC	-1.15336	0.01950	0.01037	1.15336	0.00615	0.01037
CGG	CGA	GA	-1.38556	0.04799	0.02219	1.38556	0.01201	0.02219
ATT	TTT	AT	0.42418	0.01363	0.01672	-0.42418	0.02083	0.01672
ATT	CTT	AC	-0.69614	0.03015	0.02087	0.69614	0.01503	0.02087
ATC	TTC	AT	-0.18168	0.02742	0.02500	0.18168	0.02286	0.02500
ATC	CTC	AC	-1.14742	0.06067	0.03238	1.14742	0.01926	0.03238
ATC	ATT	CT	0.09520	0.07780	0.08156	-0.09520	0.08557	0.08156
ATA	TTA	AT	-0.42861	0.00889	0.00712	0.42861	0.00579	0.00712
ATA	CTA	AC	-0.94202	0.01968	0.01185	0.94202	0.00767	0.01185
ATA	ATT	AT	1.07847	0.00889	0.01454	-1.07847	0.02615	0.01454
ATA	ATC	AC	0.98327	0.01968	0.03092	-0.98327	0.05261	0.03092
ATG	TTG	AT	0.25379	0.01093	0.01238	-0.25379	0.01409	0.01238
ATG	CTG	AC	0.98553	0.02420	0.03804	-0.98553	0.06482	0.03804
ATG	ATT	GT	0.67204	0.01093	0.01502	-0.67204	0.02141	0.01502
ATG	ATC	GC	0.57684	0.02420	0.03184	-0.57684	0.04308	0.03184
ATG	ATA	GA	-0.40643	0.05954	0.04826	0.40643	0.03966	0.04826
ACT	TCT	AT	0.44126	0.00645	0.00797	-0.44126	0.01002	0.00797
ACT	CCT	AC	-0.01213	0.01426	0.01418	0.01213	0.01409	0.01418
ACT	ATT	CT	1.54286	0.01829	0.03590	-1.54286	0.08557	0.03590
ACC	TCC	AT	0.32414	0.01110	0.01299	-0.32414	0.01534	0.01299
ACC	CCC	AC	-0.68570	0.02456	0.01709	0.68570	0.01237	0.01709
ACC	ATC	CT	1.69877	0.03149	0.06547	-1.69877	0.17217	0.06547
ACC	ACT	CT	0.25111	0.03149	0.03561	-0.25111	0.04048	0.03561
ACA	TCA	AT	-0.05054	0.00889	0.00867	0.05054	0.00846	0.00867
ACA	CCA	AC	-0.57116	0.01968	0.01459	0.57116	0.01112	0.01459
ACA	ATA	CT	0.79432	0.02524	0.03658	-0.79432	0.05585	0.03658
ACA	ACT	AT	0.32992	0.00889	0.01044	-0.32992	0.01237	0.01044
ACA	ACC	AC	0.07881	0.01968	0.02047	-0.07881	0.02129	0.02047
ACG	TCG	AT	0.18182	0.00392	0.00428	-0.18182	0.00470	0.00428
ACG	CCG	AC	-0.92265	0.00867	0.00527	0.92265	0.00344	0.00527
ACG	ATG	CT	1.82096	0.01111	0.02415	-1.82096	0.06866	0.02415
ACG	ACT	GT	0.95013	0.00392	0.00607	-0.95013	0.01013	0.00607
ACG	ACC	GC	0.69902	0.00867	0.01205	-0.69902	0.01744	0.01205
ACG	ACA	GA	0.62021	0.02133	0.02862	-0.62021	0.03966	0.02862
AAT	TAT	AT	-0.21394	0.01338	0.01200	0.21394	0.01080	0.01200
AAT	CAT	AC	-1.23503	0.02961	0.01500	1.23503	0.00861	0.01500
AAT	ATT	AT	0.66995	0.01338	0.01836	-0.66995	0.02615	0.01836
AAT	ACT	AC	-0.87291	0.02961	0.01854	0.87291	0.01237	0.01854
AAC	TAC	AT	0.62629	0.00971	0.01307	-0.62629	0.01816	0.01307
AAC	CAC	AC	-0.12583	0.02149	0.02016	0.12583	0.01895	0.02016
AAC	ATC	AT	1.68981	0.00971	0.02012	-1.68981	0.05261	0.02012
AAC	ACC	AC	-0.00896	0.02149	0.02139	0.00896	0.02129	0.02139
AAC	AAT	CT	1.11506	0.02755	0.04572	-1.11506	0.08404	0.04572
AAA	CAA	AC	-0.90143	0.04821	0.02970	0.90143	0.01957	0.02970
AAA	ATA	AT	-0.24408	0.02179	0.01923	0.24408	0.01707	0.01923
AAA	ACA	AC	-1.03839	0.04821	0.02744	1.03839	0.01707	0.02744
AAA	AAT	AT	0.16444	0.02179	0.02363	-0.16444	0.02568	0.02363
AAA	AAC	AC	-0.95062	0.04821	0.02887	0.95062	0.01863	0.02887
AAG	CAG	AC	-0.17259	0.06699	0.06137	0.17259	0.05637	0.06137
AAG	ATG	AT	-0.36654	0.03027	0.02506	0.36654	0.02098	0.02506
AAG	ACG	AC	-2.18749	0.06699	0.01852	2.18749	0.00752	0.01852
AAG	AAT	GT	-0.36445	0.03027	0.02509	0.36445	0.02103	0.02509
AAG	AAC	GC	-1.47951	0.06699	0.02923	1.47951	0.01526	0.02923
AAG	AAA	GA	-0.52889	0.16486	0.12509	0.52889	0.09714	0.12509
AGT	TGT	AT	-0.25874	0.00710	0.00622	0.25874	0.00548	0.00622
AGT	CGT	AC	-1.51736	0.01571	0.00670	1.51736	0.00344	0.00670
AGT	ATT	GT	1.10397	0.00710	0.01172	-1.10397	0.02141	0.01172
AGT	ACT	GC	-0.43889	0.01571	0.01251	0.43889	0.01013	0.01251
AGT	AAT	GA	0.43402	0.03866	0.04765	-0.43402	0.05967	0.04765
AGC	TGC	AT	-0.11593	0.01248	0.01177	0.11593	0.01112	0.01177
AGC	CGC	AC	-1.30173	0.02763	0.01344	1.30173	0.00752	0.01344
AGC	ATC	GT	1.23856	0.01248	0.02177	-1.23856	0.04308	0.02177
AGC	ACC	GC	-0.46022	0.02763	0.02175	0.46022	0.01744	0.02175
AGC	AAC	GA	-0.45125	0.06799	0.05380	0.45125	0.04330	0.05380
AGC	AGT	CT	0.22979	0.03543	0.03965	-0.22979	0.04458	0.03965
AGA	CGA	AC	-1.54383	0.02420	0.01014	1.54383	0.00517	0.01014
AGA	ATA	GT	0.24539	0.01093	0.01233	-0.24539	0.01397	0.01233
AGA	ACA	GC	-0.54892	0.02420	0.01816	0.54892	0.01397	0.01816
AGA	AAA	GA	0.48947	0.05954	0.07530	-0.48947	0.09714	0.07530
AGA	AGT	AT	0.21989	0.01093	0.01218	-0.21989	0.01362	0.01218
AGA	AGC	AC	-0.00990	0.02420	0.02408	0.00990	0.02396	0.02408
AGG	TGG	AT	-0.00582	0.00677	0.00675	0.00582	0.00673	0.00675
AGG	CGG	AC	0.12080	0.01499	0.01591	-0.12080	0.01691	0.01591
AGG	ATG	GT	0.93088	0.00677	0.01041	-0.93088	0.01718	0.01041
AGG	ACG	GC	-0.89007	0.01499	0.00929	0.89007	0.00615	0.00929
AGG	AAG	GA	1.29742	0.03688	0.06584	-1.29742	0.13498	0.06584
AGG	AGT	GT	0.49895	0.00677	0.00860	-0.49895	0.01115	0.00860
AGG	AGC	GC	0.26916	0.01499	0.01709	-0.26916	0.01962	0.01709
AGG	AGA	GA	0.27906	0.03688	0.04227	-0.27906	0.04875	0.04227
GTT	TTT	GT	1.23136	0.00498	0.00866	-1.23136	0.01705	0.00866
GTT	CTT	GC	0.11104	0.01101	0.01164	-0.11104	0.01231	0.01164
GTT	ATT	GA	0.80718	0.02711	0.03950	-0.80718	0.06076	0.03950
GTC	TTC	GT	0.59921	0.01028	0.01367	-0.59921	0.01872	0.01367
GTC	CTC	GC	-0.36653	0.02275	0.01884	0.36653	0.01577	0.01884
GTC	ATC	GA	0.78089	0.05599	0.08067	-0.78089	0.12225	0.08067
GTC	GTT	CT	0.06891	0.02918	0.03019	-0.06891	0.03126	0.03019
GTA	TTA	GT	0.30160	0.00351	0.00406	-0.30160	0.00474	0.00406
GTA	CTA	GC	-0.21181	0.00776	0.00697	0.21181	0.00628	0.00697
GTA	ATA	GA	0.73021	0.01911	0.02693	-0.73021	0.03966	0.02693
GTA	GTT	AT	1.00150	0.00351	0.00555	-1.00150	0.00955	0.00555
GTA	GTC	AC	0.93259	0.00776	0.01194	-0.93259	0.01973	0.01194
GTG	TTG	GT	-0.56173	0.02024	0.01508	0.56173	0.01154	0.01508
GTG	CTG	GC	0.17000	0.04478	0.04869	-0.17000	0.05308	0.04869
GTG	ATG	GA	-0.81553	0.11020	0.07131	0.81553	0.04875	0.07131
GTG	GTT	GT	-0.95067	0.02024	0.01212	0.95067	0.00782	0.01212
GTG	GTC	GC	-1.01958	0.04478	0.02576	1.01958	0.01615	0.02576
GTG	GTA	GA	-1.95217	0.11020	0.03559	1.95217	0.01564	0.03559
GCT	TCT	GT	-0.43266	0.01265	0.01011	0.43266	0.00821	0.01011
GCT	CCT	GC	-0.88605	0.02799	0.01740	0.88605	0.01154	0.01740
GCT	ACT	GA	-0.87392	0.06888	0.04311	0.87392	0.02874	0.04311
GCT	GTT	CT	-0.13823	0.03589	0.03347	0.13823	0.03126	0.03347
GCC	TCC	GT	-0.13363	0.01436	0.01342	0.13363	0.01256	0.01342
GCC	CCC	GC	-1.14347	0.03178	0.01700	1.14347	0.01013	0.01700
GCC	ACC	GA	-0.45777	0.07821	0.06167	0.45777	0.04948	0.06167
GCC	GTC	CT	0.46012	0.04075	0.05085	-0.46012	0.06456	0.05085
GCC	GCT	CT	0.66726	0.04075	0.05585	-0.66726	0.07942	0.05585
GCA	TCA	GT	-0.11301	0.00775	0.00732	0.11301	0.00692	0.00732
GCA	CCA	GC	-0.63363	0.01715	0.01229	0.63363	0.00910	0.01229
GCA	ACA	GA	-0.06247	0.04221	0.04091	0.06247	0.03966	0.04091
GCA	GTA	CT	0.00164	0.02200	0.02202	-0.00164	0.02203	0.02202
GCA	GCT	AT	1.14137	0.00775	0.01300	-1.14137	0.02427	0.01300
GCA	GCC	AC	0.47411	0.01715	0.02154	-0.47411	0.02756	0.02154
GCG	TCG	GT	0.76204	0.00180	0.00257	-0.76204	0.00385	0.00257
GCG	CCG	GC	-0.34243	0.00397	0.00333	0.34243	0.00282	0.00333
GCG	ACG	GA	0.58022	0.00978	0.01288	-0.58022	0.01746	0.01288
GCG	GTG	CT	3.21670	0.00509	0.01707	-3.21670	0.12708	0.01707
GCG	GCT	GT	2.40427	0.00180	0.00474	-2.40427	0.01987	0.00474
GCG	GCC	GC	1.73701	0.00397	0.00837	-1.73701	0.02256	0.00837
GCG	GCA	GA	1.26290	0.00978	0.01721	-1.26290	0.03456	0.01721
GAT	TAT	GT	-0.42600	0.01354	0.01086	0.42600	0.00885	0.01086
GAT	CAT	GC	-1.44709	0.02997	0.01334	1.44709	0.00705	0.01334
GAT	AAT	GA	-0.21206	0.07376	0.06622	0.21206	0.05967	0.06622
GAT	GTT	AT	-0.34929	0.01354	0.01132	0.34929	0.00955	0.01132
GAT	GCT	AC	-0.21106	0.02997	0.02692	0.21106	0.02427	0.02692
GAC	TAC	GT	-0.42931	0.02285	0.01829	0.42931	0.01487	0.01829
GAC	CAC	GC	-1.18143	0.05056	0.02644	1.18143	0.01551	0.02644
GAC	AAC	GA	-1.05561	0.12442	0.07010	1.05561	0.04330	0.07010
GAC	GTC	AT	-0.14668	0.02285	0.02121	0.14668	0.01973	0.02121
GAC	GCC	AC	-0.60680	0.05056	0.03676	0.60680	0.02756	0.03676
GAC	GAT	CT	0.27152	0.06484	0.07403	-0.27152	0.08506	0.07403
GAA	CAA	GC	-1.31925	0.05995	0.02886	1.31925	0.01603	0.02886
GAA	AAA	GA	-0.41783	0.14753	0.11885	0.41783	0.09714	0.11885
GAA	GTA	AT	-1.39211	0.02709	0.01247	1.39211	0.00673	0.01247
GAA	GCA	AC	-1.39375	0.05995	0.02757	1.39375	0.01488	0.02757
GAA	GAT	AT	-0.04132	0.02709	0.02653	0.04132	0.02599	0.02653
GAA	GAC	AC	-0.31284	0.05995	0.05106	0.31284	0.04384	0.05106
GAG	CAG	GC	-0.51545	0.07728	0.05907	0.51545	0.04615	0.05907
GAG	AAG	GA	-0.34286	0.19019	0.15944	0.34286	0.13498	0.15944
GAG	GTG	AT	0.10613	0.03492	0.03681	-0.10613	0.03883	0.03681
GAG	GCG	AC	-3.11057	0.07728	0.01122	3.11057	0.00344	0.01122
GAG	GAT	GT	-0.49525	0.03492	0.02699	0.49525	0.02128	0.02699
GAG	GAC	GC	-0.76677	0.07728	0.05140	0.76677	0.03590	0.05140
GAG	GAA	GA	-0.45393	0.19019	0.15028	0.45393	0.12079	0.15028
GGT	TGT	GT	-0.07030	0.00481	0.00465	0.07030	0.00449	0.00465
GGT	CGT	GC	-1.32893	0.01065	0.00510	1.32893	0.00282	0.00510
GGT	AGT	GA	0.18843	0.02622	0.02876	-0.18843	0.03165	0.02876
GGT	GTT	GT	0.48522	0.00481	0.00608	-0.48522	0.00782	0.00608
GGT	GCT	GC	0.62346	0.01065	0.01432	-0.62346	0.01987	0.01432
GGT	GAT	GA	0.83451	0.02622	0.03866	-0.83451	0.06040	0.03866
GGC	TGC	GT	-0.09762	0.01004	0.00955	0.09762	0.00910	0.00955
GGC	CGC	GC	-1.28342	0.02221	0.01093	1.28342	0.00615	0.01093
GGC	AGC	GA	0.01831	0.05466	0.05516	-0.01831	0.05567	0.05516
GGC	GTC	GT	0.47598	0.01004	0.01261	-0.47598	0.01615	0.01261
GGC	GCC	GC	0.01587	0.02221	0.02239	-0.01587	0.02256	0.02239
GGC	GAC	GA	0.62267	0.05466	0.07343	-0.62267	0.10187	0.07343
GGC	GGT	CT	0.05967	0.02848	0.02934	-0.05967	0.03023	0.02934
GGA	CGA	GC	-1.36771	0.01661	0.00776	1.36771	0.00423	0.00776
GGA	AGA	GA	0.17611	0.04088	0.04459	-0.17611	0.04875	0.04459
GGA	GTA	GT	-0.30870	0.00751	0.00641	0.30870	0.00551	0.00641
GGA	GCA	GC	-0.31034	0.01661	0.01417	0.31034	0.01218	0.01417
GGA	GAA	GA	1.08341	0.04088	0.06695	-1.08341	0.12079	0.06695
GGA	GGT	AT	0.20757	0.00751	0.00831	-0.20757	0.00924	0.00831
GGA	GGC	AC	0.14790	0.01661	0.01787	-0.14790	0.01926	0.01787
GGG	TGG	GT	-0.35126	0.00783	0.00654	0.35126	0.00551	0.00654
GGG	CGG	GC	-0.22465	0.01733	0.01546	0.22465	0.01385	0.01546
GGG	AGG	GA	-0.34545	0.04266	0.03571	0.34545	0.03020	0.03571
GGG	GTG	GT	1.40097	0.00783	0.01456	-1.40097	0.03179	0.01456
GGG	GCG	GC	-1.81574	0.01733	0.00612	1.81574	0.00282	0.00612
GGG	GAG	GA	1.29484	0.04266	0.07608	-1.29484	0.15572	0.07608
GGG	GGT	GT	-0.03493	0.00783	0.00770	0.03493	0.00756	0.00770
GGG	GGC	GC	-0.09460	0.01733	0.01653	0.09460	0.01577	0.01653
GGG	GGA	GA	-0.24250	0.04266	0.03770	0.24250	0.03347	0.03770


Histograms
2Ns	FMut	FSub(CodonUsage)	FSubw(after w)

-3.55156	0.01417	0.00150
-3.19641	0.01365	0.00219
-2.84125	0.00434	0.00083
-2.48609	0.01361	0.00393
-2.13094	0.00447	0.00143
-1.77578	0.04168	0.01713
-1.42063	0.08806	0.04739
-1.06547	0.12968	0.08399
-0.71031	0.12401	0.09767
-0.35516	0.17673	0.16817
0.00000	0.13123	0.15154
0.35516	0.12132	0.16817
0.71031	0.06017	0.09767
1.06547	0.04474	0.08399
1.42063	0.02231	0.04739
1.77578	0.00687	0.01713
2.13094	0.00050	0.00143
2.48609	0.00131	0.00393
2.84125	0.00023	0.00083
3.19641	0.00057	0.00219
3.55156	0.00034	0.00150

Proportion of advantageous (S > 0) mutations:
 0.32087

Proportions of good & bad mutations (|S| > 2.0000) among mutations:
0.00295  0.05025

mean |Ns| = 0.84249	mean Ns+ = 0.59920	mean Ns- = -0.95743


MLEs of dN/dS (w) for site classes (K=4)

site class             0        1       2a       2b
proportion       0.00000  0.00000  0.56946  0.43053
background w     0.08480  1.00000  0.08480  1.00000
foreground w     0.08480  1.00000  1.00000  1.00000

Naive Empirical Bayes (NEB) probabilities for 4 classes
(amino acids refer to 1st sequence: Rhesus_macaque_Mx)

   1 I   0.00000 0.00000 0.00765 0.99235 ( 4)
   2 V   0.00000 0.00000 0.00003 0.99996 ( 4)
   3 K   0.00000 0.00000 0.30929 0.69071 ( 4)
   4 A   0.00000 0.00000 0.00008 0.99992 ( 4)
   5 D   0.00000 0.00000 0.03540 0.96459 ( 4)
   6 P   0.00000 0.00000 0.00123 0.99877 ( 4)
   7 A   0.00000 0.00000 0.00021 0.99979 ( 4)
   8 A   0.00000 0.00000 0.00025 0.99975 ( 4)
   9 A   0.00000 0.00000 0.02152 0.97848 ( 4)
  10 S   0.00000 0.00000 0.00000 1.00000 ( 4)
  11 Q   0.00000 0.00000 0.16527 0.83473 ( 4)
  12 P   0.00000 0.00000 0.12181 0.87819 ( 4)
  13 L   0.00000 0.00000 0.00616 0.99384 ( 4)
  14 L   0.00000 0.00000 0.01654 0.98346 ( 4)
  15 L   0.00000 0.00000 0.27355 0.72645 ( 4)
  16 N   0.00000 0.00000 0.01235 0.98765 ( 4)
  17 G   0.00000 0.00000 0.03882 0.96117 ( 4)
  18 D   0.00000 0.00000 0.00001 0.99998 ( 4)
  19 A   0.00000 0.00000 0.00009 0.99991 ( 4)
  20 D   0.00000 0.00000 0.00321 0.99679 ( 4)
  21 V   0.00000 0.00000 0.00002 0.99998 ( 4)
  22 A   0.00000 0.00000 0.00538 0.99462 ( 4)
  23 Q   0.00000 0.00000 0.76609 0.23391 ( 3)
  24 K   0.00000 0.00000 0.18108 0.81892 ( 4)
  25 S   0.00000 0.00000 0.00000 1.00000 ( 4)
  26 P   0.00000 0.00000 0.00014 0.99986 ( 4)
  27 G   0.00000 0.00000 0.00050 0.99950 ( 4)
  28 S   0.00000 0.00000 0.00232 0.99768 ( 4)
  29 V   0.00000 0.00000 0.00182 0.99817 ( 4)
  30 A   0.00000 0.00000 0.00055 0.99945 ( 4)
  31 E   0.00000 0.00000 0.00291 0.99709 ( 4)
  32 N   0.00000 0.00000 0.00106 0.99894 ( 4)
  33 N   0.00000 0.00000 0.87467 0.12533 ( 3)
  34 L   0.00000 0.00000 0.94369 0.05630 ( 3)
  35 C   0.00000 0.00000 0.25376 0.74624 ( 4)
  36 S   0.00000 0.00000 0.87596 0.12404 ( 3)
  37 Q   0.00000 0.00000 0.85680 0.14319 ( 3)
  38 Y   0.00000 0.00000 0.99712 0.00288 ( 3)
  39 E   0.00000 0.00000 0.88992 0.11008 ( 3)
  40 E   0.00000 0.00000 0.43885 0.56114 ( 4)
  41 K   0.00000 0.00000 0.99154 0.00846 ( 3)
  42 V   0.00000 0.00000 0.83914 0.16086 ( 3)
  43 R   0.00000 0.00000 0.98327 0.01672 ( 3)
  44 P   0.00000 0.00000 0.99880 0.00120 ( 3)
  45 C   0.00000 0.00000 0.99927 0.00073 ( 3)
  46 I   0.00000 0.00000 0.98561 0.01439 ( 3)
  47 D   0.00000 0.00000 0.99680 0.00320 ( 3)
  48 L   0.00000 0.00000 0.99626 0.00373 ( 3)
  49 I   0.00000 0.00000 0.86882 0.13117 ( 3)
  50 D   0.00000 0.00000 0.99677 0.00322 ( 3)
  51 S   0.00000 0.00000 0.11735 0.88264 ( 4)
  52 L   0.00000 0.00000 0.91189 0.08810 ( 3)
  53 R   0.00000 0.00000 0.99733 0.00267 ( 3)
  54 A   0.00000 0.00000 0.09747 0.90252 ( 4)
  55 L   0.00000 0.00000 0.95711 0.04289 ( 3)
  56 G   0.00000 0.00000 0.98469 0.01531 ( 3)
  57 V   0.00000 0.00000 0.86694 0.13305 ( 3)
  58 E   0.00000 0.00000 0.89650 0.10349 ( 3)
  59 Q   0.00000 0.00000 0.39372 0.60627 ( 4)
  60 D   0.00000 0.00000 0.99677 0.00322 ( 3)
  61 L   0.00000 0.00000 0.90619 0.09381 ( 3)
  62 A   0.00000 0.00000 0.18014 0.81985 ( 4)
  63 L   0.00000 0.00000 0.93642 0.06358 ( 3)
  64 P   0.00000 0.00000 0.99909 0.00090 ( 3)
  65 A   0.00000 0.00000 0.99637 0.00363 ( 3)
  66 I   0.00000 0.00000 0.98164 0.01836 ( 3)
  67 A   0.00000 0.00000 0.99501 0.00499 ( 3)
  68 V   0.00000 0.00000 0.99846 0.00154 ( 3)
  69 I   0.00000 0.00000 0.98415 0.01584 ( 3)
  70 G   0.00000 0.00000 0.99929 0.00071 ( 3)
  71 D   0.00000 0.00000 0.99677 0.00322 ( 3)
  72 Q   0.00000 0.00000 0.84530 0.15470 ( 3)
  73 S   0.00000 0.00000 0.98905 0.01094 ( 3)
  74 S   0.00000 0.00000 0.99712 0.00287 ( 3)
  75 G   0.00000 0.00000 0.99918 0.00082 ( 3)
  76 K   0.00000 0.00000 0.99226 0.00774 ( 3)
  77 S   0.00000 0.00000 0.99875 0.00125 ( 3)
  78 S   0.00000 0.00000 0.99855 0.00145 ( 3)
  79 V   0.00000 0.00000 0.93869 0.06131 ( 3)
  80 L   0.00000 0.00000 0.96048 0.03952 ( 3)
  81 E   0.00000 0.00000 0.98824 0.01175 ( 3)
  82 A   0.00000 0.00000 0.99642 0.00357 ( 3)
  83 L   0.00000 0.00000 0.91461 0.08539 ( 3)
  84 S   0.00000 0.00000 0.99742 0.00258 ( 3)
  85 G   0.00000 0.00000 0.99920 0.00079 ( 3)
  86 V   0.00000 0.00000 0.99924 0.00076 ( 3)
  87 A   0.00000 0.00000 0.96670 0.03330 ( 3)
  88 L   0.00000 0.00000 0.99585 0.00415 ( 3)
  89 P   0.00000 0.00000 0.99880 0.00120 ( 3)
  90 R   0.00000 0.00000 0.99903 0.00097 ( 3)
  91 G   0.00000 0.00000 0.98618 0.01382 ( 3)
  92 S   0.00000 0.00000 0.89063 0.10937 ( 3)
  93 G   0.00000 0.00000 0.99940 0.00059 ( 3)
  94 I   0.00000 0.00000 0.88525 0.11475 ( 3)
  95 V   0.00000 0.00000 0.99100 0.00899 ( 3)
  96 T   0.00000 0.00000 0.99889 0.00111 ( 3)
  97 R   0.00000 0.00000 0.99833 0.00167 ( 3)
  98 C   0.00000 0.00000 0.99946 0.00054 ( 3)
  99 P   0.00000 0.00000 0.99817 0.00183 ( 3)
 100 L   0.00000 0.00000 0.94008 0.05991 ( 3)
 101 V   0.00000 0.00000 0.80546 0.19453 ( 3)
 102 L   0.00000 0.00000 0.95587 0.04412 ( 3)
 103 K   0.00000 0.00000 0.94447 0.05553 ( 3)
 104 L   0.00000 0.00000 0.93783 0.06217 ( 3)
 105 K   0.00000 0.00000 0.91541 0.08459 ( 3)
 106 K   0.00000 0.00000 0.92857 0.07143 ( 3)
 107 L   0.00000 0.00000 0.67663 0.32337 ( 3)
 108 V   0.00000 0.00000 0.00000 1.00000 ( 4)
 109 N   0.00000 0.00000 0.00020 0.99979 ( 4)
 110 -   0.00000 0.00000 0.56946 0.43053 ( 3)
 111 E   0.00000 0.00000 0.02299 0.97701 ( 4)
 112 D   0.00000 0.00000 0.02855 0.97144 ( 4)
 113 E   0.00000 0.00000 0.27736 0.72264 ( 4)
 114 W   0.00000 0.00000 0.99924 0.00076 ( 3)
 115 R   0.00000 0.00000 0.16760 0.83240 ( 4)
 116 G   0.00000 0.00000 0.99907 0.00092 ( 3)
 117 K   0.00000 0.00000 0.53701 0.46299 ( 3)
 118 V   0.00000 0.00000 0.98319 0.01681 ( 3)
 119 S   0.00000 0.00000 0.00056 0.99944 ( 4)
 120 Y   0.00000 0.00000 0.95978 0.04021 ( 3)
 121 Q   0.00000 0.00000 0.00004 0.99996 ( 4)
 122 D   0.00000 0.00000 0.97869 0.02131 ( 3)
 123 Y   0.00000 0.00000 0.00000 0.99999 ( 4)
 124 E   0.00000 0.00000 0.21971 0.78029 ( 4)
 125 I   0.00000 0.00000 0.00593 0.99407 ( 4)
 126 E   0.00000 0.00000 0.56759 0.43241 ( 3)
 127 I   0.00000 0.00000 0.01954 0.98046 ( 4)
 128 L   0.00000 0.00000 0.00457 0.99543 ( 4)
 129 D   0.00000 0.00000 0.40226 0.59773 ( 4)
 130 A   0.00000 0.00000 0.42645 0.57355 ( 4)
 131 S   0.00000 0.00000 0.99229 0.00771 ( 3)
 132 E   0.00000 0.00000 0.02409 0.97591 ( 4)
 133 V   0.00000 0.00000 0.99274 0.00726 ( 3)
 134 E   0.00000 0.00000 0.88485 0.11515 ( 3)
 135 K   0.00000 0.00000 0.00063 0.99936 ( 4)
 136 E   0.00000 0.00000 0.30350 0.69650 ( 4)
 137 I   0.00000 0.00000 0.88934 0.11066 ( 3)
 138 N   0.00000 0.00000 0.31914 0.68086 ( 4)
 139 K   0.00000 0.00000 0.13681 0.86318 ( 4)
 140 A   0.00000 0.00000 0.93992 0.06007 ( 3)
 141 Q   0.00000 0.00000 0.98287 0.01713 ( 3)
 142 N   0.00000 0.00000 0.29898 0.70102 ( 4)
 143 T   0.00000 0.00000 0.00003 0.99997 ( 4)
 144 I   0.00000 0.00000 0.82338 0.17661 ( 3)
 145 A   0.00000 0.00000 0.99096 0.00903 ( 3)
 146 G   0.00000 0.00000 0.99933 0.00067 ( 3)
 147 E   0.00000 0.00000 0.07621 0.92379 ( 4)
 148 G   0.00000 0.00000 0.45492 0.54508 ( 4)
 149 M   0.00000 0.00000 0.00001 0.99999 ( 4)
 150 G   0.00000 0.00000 0.03961 0.96039 ( 4)
 151 I   0.00000 0.00000 0.98366 0.01634 ( 3)
 152 S   0.00000 0.00000 0.99916 0.00084 ( 3)
 153 H   0.00000 0.00000 0.00515 0.99485 ( 4)
 154 E   0.00000 0.00000 0.31148 0.68851 ( 4)
 155 L   0.00000 0.00000 0.99145 0.00855 ( 3)
 156 I   0.00000 0.00000 0.98693 0.01307 ( 3)
 157 T   0.00000 0.00000 0.16898 0.83102 ( 4)
 158 L   0.00000 0.00000 0.95170 0.04830 ( 3)
 159 E   0.00000 0.00000 0.87099 0.12901 ( 3)
 160 I   0.00000 0.00000 0.76938 0.23061 ( 3)
 161 S   0.00000 0.00000 0.83707 0.16293 ( 3)
 162 S   0.00000 0.00000 0.99796 0.00204 ( 3)
 163 R   0.00000 0.00000 0.97170 0.02830 ( 3)
 164 D   0.00000 0.00000 0.09942 0.90058 ( 4)
 165 V   0.00000 0.00000 0.99918 0.00082 ( 3)
 166 P   0.00000 0.00000 0.99884 0.00116 ( 3)
 167 D   0.00000 0.00000 0.99709 0.00291 ( 3)
 168 L   0.00000 0.00000 0.90619 0.09381 ( 3)
 169 T   0.00000 0.00000 0.99907 0.00093 ( 3)
 170 L   0.00000 0.00000 0.97592 0.02408 ( 3)
 171 I   0.00000 0.00000 0.99530 0.00469 ( 3)
 172 D   0.00000 0.00000 0.99680 0.00320 ( 3)
 173 L   0.00000 0.00000 0.99512 0.00488 ( 3)
 174 P   0.00000 0.00000 0.99670 0.00329 ( 3)
 175 G   0.00000 0.00000 0.99909 0.00090 ( 3)
 176 I   0.00000 0.00000 0.98611 0.01389 ( 3)
 177 T   0.00000 0.00000 0.98352 0.01647 ( 3)
 178 R   0.00000 0.00000 0.99932 0.00068 ( 3)
 179 V   0.00000 0.00000 0.89324 0.10676 ( 3)
 180 A   0.00000 0.00000 0.99123 0.00877 ( 3)
 181 V   0.00000 0.00000 0.94505 0.05495 ( 3)
 182 G   0.00000 0.00000 0.99272 0.00728 ( 3)
 183 N   0.00000 0.00000 0.98901 0.01099 ( 3)
 184 Q   0.00000 0.00000 0.98194 0.01806 ( 3)
 185 P   0.00000 0.00000 0.99770 0.00230 ( 3)
 186 P   0.00000 0.00000 0.00000 0.99999 ( 4)
 187 D   0.00000 0.00000 0.99674 0.00326 ( 3)
 188 I   0.00000 0.00000 0.85412 0.14588 ( 3)
 189 G   0.00000 0.00000 0.77579 0.22421 ( 3)
 190 Y   0.00000 0.00000 0.00018 0.99982 ( 4)
 191 K   0.00000 0.00000 0.24429 0.75571 ( 4)
 192 I   0.00000 0.00000 0.82450 0.17550 ( 3)
 193 K   0.00000 0.00000 0.99226 0.00774 ( 3)
 194 T   0.00000 0.00000 0.00142 0.99858 ( 4)
 195 L   0.00000 0.00000 0.99435 0.00565 ( 3)
 196 I   0.00000 0.00000 0.82245 0.17755 ( 3)
 197 R   0.00000 0.00000 0.00339 0.99661 ( 4)
 198 K   0.00000 0.00000 0.39745 0.60255 ( 4)
 199 Y   0.00000 0.00000 0.91499 0.08501 ( 3)
 200 I   0.00000 0.00000 0.98310 0.01690 ( 3)
 201 Q   0.00000 0.00000 0.00001 0.99999 ( 4)
 202 R   0.00000 0.00000 0.00299 0.99701 ( 4)
 203 Q   0.00000 0.00000 0.84902 0.15097 ( 3)
 204 E   0.00000 0.00000 0.98852 0.01148 ( 3)
 205 T   0.00000 0.00000 0.99890 0.00110 ( 3)
 206 I   0.00000 0.00000 0.98078 0.01922 ( 3)
 207 N   0.00000 0.00000 0.95647 0.04352 ( 3)
 208 L   0.00000 0.00000 0.69780 0.30219 ( 3)
 209 V   0.00000 0.00000 0.99333 0.00666 ( 3)
 210 V   0.00000 0.00000 0.98694 0.01306 ( 3)
 211 V   0.00000 0.00000 0.99876 0.00124 ( 3)
 212 P   0.00000 0.00000 0.99893 0.00106 ( 3)
 213 S   0.00000 0.00000 0.02961 0.97038 ( 4)
 214 N   0.00000 0.00000 0.99963 0.00037 ( 3)
 215 V   0.00000 0.00000 0.98406 0.01594 ( 3)
 216 D   0.00000 0.00000 0.99680 0.00320 ( 3)
 217 I   0.00000 0.00000 0.98766 0.01234 ( 3)
 218 A   0.00000 0.00000 0.99615 0.00384 ( 3)
 219 T   0.00000 0.00000 0.99874 0.00126 ( 3)
 220 T   0.00000 0.00000 0.99836 0.00164 ( 3)
 221 E   0.00000 0.00000 0.98792 0.01208 ( 3)
 222 A   0.00000 0.00000 0.99966 0.00033 ( 3)
 223 L   0.00000 0.00000 0.90889 0.09111 ( 3)
 224 S   0.00000 0.00000 0.00303 0.99696 ( 4)
 225 M   0.00000 0.00000 0.99990 0.00010 ( 3)
 226 A   0.00000 0.00000 0.99045 0.00954 ( 3)
 227 Q   0.00000 0.00000 0.98622 0.01377 ( 3)
 228 E   0.00000 0.00000 0.87716 0.12284 ( 3)
 229 V   0.00000 0.00000 0.98406 0.01594 ( 3)
 230 D   0.00000 0.00000 0.99674 0.00326 ( 3)
 231 P   0.00000 0.00000 0.99836 0.00164 ( 3)
 232 E   0.00000 0.00000 0.00037 0.99963 ( 4)
 233 G   0.00000 0.00000 0.99910 0.00089 ( 3)
 234 D   0.00000 0.00000 0.95405 0.04595 ( 3)
 235 R   0.00000 0.00000 0.99968 0.00032 ( 3)
 236 T   0.00000 0.00000 0.99884 0.00116 ( 3)
 237 I   0.00000 0.00000 0.94868 0.05132 ( 3)
 238 G   0.00000 0.00000 0.99924 0.00076 ( 3)
 239 I   0.00000 0.00000 0.30218 0.69782 ( 4)
 240 L   0.00000 0.00000 0.97864 0.02136 ( 3)
 241 T   0.00000 0.00000 0.99889 0.00111 ( 3)
 242 K   0.00000 0.00000 0.99226 0.00774 ( 3)
 243 P   0.00000 0.00000 0.99794 0.00206 ( 3)
 244 D   0.00000 0.00000 0.99741 0.00258 ( 3)
 245 L   0.00000 0.00000 0.91977 0.08023 ( 3)
 246 V   0.00000 0.00000 0.98406 0.01594 ( 3)
 247 D   0.00000 0.00000 0.97222 0.02778 ( 3)
 248 K   0.00000 0.00000 0.01443 0.98557 ( 4)
 249 G   0.00000 0.00000 0.99917 0.00083 ( 3)
 250 T   0.00000 0.00000 0.99031 0.00969 ( 3)
 251 E   0.00000 0.00000 0.98899 0.01100 ( 3)
 252 D   0.00000 0.00000 0.10359 0.89641 ( 4)
 253 K   0.00000 0.00000 0.22894 0.77105 ( 4)
 254 V   0.00000 0.00000 0.88467 0.11533 ( 3)
 255 V   0.00000 0.00000 0.06350 0.93650 ( 4)
 256 D   0.00000 0.00000 0.32934 0.67066 ( 4)
 257 V   0.00000 0.00000 0.86694 0.13305 ( 3)
 258 V   0.00000 0.00000 0.01016 0.98983 ( 4)
 259 R   0.00000 0.00000 0.72601 0.27399 ( 3)
 260 N   0.00000 0.00000 0.99985 0.00015 ( 3)
 261 L   0.00000 0.00000 0.20217 0.79783 ( 4)
 262 V   0.00000 0.00000 0.99757 0.00243 ( 3)
 263 F   0.00000 0.00000 0.00394 0.99606 ( 4)
 264 H   0.00000 0.00000 0.87833 0.12166 ( 3)
 265 L   0.00000 0.00000 0.95690 0.04310 ( 3)
 266 K   0.00000 0.00000 0.94874 0.05126 ( 3)
 267 K   0.00000 0.00000 0.99226 0.00774 ( 3)
 268 G   0.00000 0.00000 0.99896 0.00104 ( 3)
 269 Y   0.00000 0.00000 0.99684 0.00316 ( 3)
 270 M   0.00000 0.00000 0.99990 0.00010 ( 3)
 271 I   0.00000 0.00000 0.94119 0.05881 ( 3)
 272 V   0.00000 0.00000 0.99836 0.00164 ( 3)
 273 K   0.00000 0.00000 0.99164 0.00836 ( 3)
 274 C   0.00000 0.00000 0.99933 0.00066 ( 3)
 275 R   0.00000 0.00000 0.85174 0.14826 ( 3)
 276 G   0.00000 0.00000 0.99918 0.00082 ( 3)
 277 Q   0.00000 0.00000 0.98622 0.01377 ( 3)
 278 Q   0.00000 0.00000 0.24152 0.75847 ( 4)
 279 E   0.00000 0.00000 0.66062 0.33938 ( 3)
 280 I   0.00000 0.00000 0.79835 0.20165 ( 3)
 281 Q   0.00000 0.00000 0.01066 0.98934 ( 4)
 282 D   0.00000 0.00000 0.02564 0.97435 ( 4)
 283 Q   0.00000 0.00000 0.06690 0.93310 ( 4)
 284 L   0.00000 0.00000 0.06853 0.93147 ( 4)
 285 S   0.00000 0.00000 0.75316 0.24683 ( 3)
 286 L   0.00000 0.00000 0.58772 0.41228 ( 3)
 287 S   0.00000 0.00000 0.00920 0.99080 ( 4)
 288 E   0.00000 0.00000 0.01282 0.98718 ( 4)
 289 A   0.00000 0.00000 0.99447 0.00553 ( 3)
 290 L   0.00000 0.00000 0.12255 0.87745 ( 4)
 291 Q   0.00000 0.00000 0.93993 0.06007 ( 3)
 292 R   0.00000 0.00000 0.04072 0.95927 ( 4)
 293 E   0.00000 0.00000 0.98853 0.01147 ( 3)
 294 K   0.00000 0.00000 0.00682 0.99318 ( 4)
 295 I   0.00000 0.00000 0.00005 0.99994 ( 4)
 296 F   0.00000 0.00000 0.99657 0.00342 ( 3)
 297 F   0.00000 0.00000 0.99336 0.00664 ( 3)
 298 E   0.00000 0.00000 0.33048 0.66952 ( 4)
 299 D   0.00000 0.00000 0.00147 0.99853 ( 4)
 300 H   0.00000 0.00000 0.99948 0.00052 ( 3)
 301 P   0.00000 0.00000 0.00062 0.99938 ( 4)
 302 H   0.00000 0.00000 0.01373 0.98627 ( 4)
 303 F   0.00000 0.00000 0.99657 0.00342 ( 3)
 304 R   0.00000 0.00000 0.92441 0.07559 ( 3)
 305 D   0.00000 0.00000 0.00132 0.99868 ( 4)
 306 L   0.00000 0.00000 0.99449 0.00551 ( 3)
 307 L   0.00000 0.00000 0.91742 0.08258 ( 3)
 308 E   0.00000 0.00000 0.92431 0.07569 ( 3)
 309 E   0.00000 0.00000 0.57350 0.42650 ( 3)
 310 G   0.00000 0.00000 0.85720 0.14280 ( 3)
 311 K   0.00000 0.00000 0.39834 0.60166 ( 4)
 312 A   0.00000 0.00000 0.99424 0.00575 ( 3)
 313 T   0.00000 0.00000 0.99908 0.00092 ( 3)
 314 I   0.00000 0.00000 0.08762 0.91238 ( 4)
 315 P   0.00000 0.00000 0.99892 0.00108 ( 3)
 316 C   0.00000 0.00000 0.09338 0.90662 ( 4)
 317 L   0.00000 0.00000 0.91370 0.08630 ( 3)
 318 A   0.00000 0.00000 0.99835 0.00165 ( 3)
 319 E   0.00000 0.00000 0.01253 0.98747 ( 4)
 320 K   0.00000 0.00000 0.40635 0.59364 ( 4)
 321 L   0.00000 0.00000 0.96795 0.03205 ( 3)
 322 T   0.00000 0.00000 0.99879 0.00120 ( 3)
 323 S   0.00000 0.00000 0.00000 1.00000 ( 4)
 324 E   0.00000 0.00000 0.98820 0.01179 ( 3)
 325 L   0.00000 0.00000 0.99608 0.00392 ( 3)
 326 I   0.00000 0.00000 0.31006 0.68994 ( 4)
 327 A   0.00000 0.00000 0.00245 0.99755 ( 4)
 328 H   0.00000 0.00000 0.99540 0.00460 ( 3)
 329 I   0.00000 0.00000 0.98351 0.01648 ( 3)
 330 C   0.00000 0.00000 0.71922 0.28078 ( 3)
 331 K   0.00000 0.00000 0.99531 0.00468 ( 3)
 332 S   0.00000 0.00000 0.77710 0.22290 ( 3)
 333 L   0.00000 0.00000 0.93642 0.06358 ( 3)
 334 P   0.00000 0.00000 0.99858 0.00142 ( 3)
 335 L   0.00000 0.00000 0.00451 0.99549 ( 4)
 336 L   0.00000 0.00000 0.94534 0.05466 ( 3)
 337 E   0.00000 0.00000 0.98857 0.01142 ( 3)
 338 N   0.00000 0.00000 0.33730 0.66269 ( 4)
 339 Q   0.00000 0.00000 0.99430 0.00570 ( 3)
 340 I   0.00000 0.00000 0.98408 0.01592 ( 3)
 341 K   0.00000 0.00000 0.02021 0.97979 ( 4)
 342 E   0.00000 0.00000 0.00194 0.99806 ( 4)
 343 S   0.00000 0.00000 0.00002 0.99997 ( 4)
 344 H   0.00000 0.00000 0.94816 0.05183 ( 3)
 345 Q   0.00000 0.00000 0.85221 0.14779 ( 3)
 346 G   0.00000 0.00000 0.00001 0.99999 ( 4)
 347 I   0.00000 0.00000 0.08420 0.91580 ( 4)
 348 T   0.00000 0.00000 0.01963 0.98037 ( 4)
 349 E   0.00000 0.00000 0.61122 0.38878 ( 3)
 350 E   0.00000 0.00000 0.98822 0.01177 ( 3)
 351 L   0.00000 0.00000 0.98909 0.01091 ( 3)
 352 Q   0.00000 0.00000 0.99081 0.00919 ( 3)
 353 K   0.00000 0.00000 0.99143 0.00856 ( 3)
 354 Y   0.00000 0.00000 0.99692 0.00307 ( 3)
 355 G   0.00000 0.00000 0.82334 0.17665 ( 3)
 356 V   0.00000 0.00000 0.00000 0.99999 ( 4)
 357 D   0.00000 0.00000 0.77594 0.22406 ( 3)
 358 I   0.00000 0.00000 0.10742 0.89258 ( 4)
 359 P   0.00000 0.00000 0.98046 0.01954 ( 3)
 360 E   0.00000 0.00000 0.10976 0.89023 ( 4)
 361 D   0.00000 0.00000 0.02309 0.97691 ( 4)
 362 E   0.00000 0.00000 0.24801 0.75198 ( 4)
 363 N   0.00000 0.00000 0.00058 0.99942 ( 4)
 364 E   0.00000 0.00000 0.00329 0.99671 ( 4)
 365 K   0.00000 0.00000 0.94454 0.05545 ( 3)
 366 M   0.00000 0.00000 0.78624 0.21375 ( 3)
 367 F   0.00000 0.00000 0.02247 0.97753 ( 4)
 368 F   0.00000 0.00000 0.50611 0.49388 ( 3)
 369 L   0.00000 0.00000 0.95609 0.04391 ( 3)
 370 I   0.00000 0.00000 0.03726 0.96274 ( 4)
 371 D   0.00000 0.00000 0.10143 0.89857 ( 4)
 372 K   0.00000 0.00000 0.37487 0.62513 ( 4)
 373 I   0.00000 0.00000 0.17615 0.82385 ( 4)
 374 N   0.00000 0.00000 0.14250 0.85749 ( 4)
 375 A   0.00000 0.00000 0.04613 0.95387 ( 4)
 376 F   0.00000 0.00000 0.99170 0.00830 ( 3)
 377 N   0.00000 0.00000 0.99856 0.00144 ( 3)
 378 Q   0.00000 0.00000 0.00002 0.99997 ( 4)
 379 D   0.00000 0.00000 0.63408 0.36592 ( 3)
 380 I   0.00000 0.00000 0.90129 0.09871 ( 3)
 381 T   0.00000 0.00000 0.00002 0.99998 ( 4)
 382 A   0.00000 0.00000 0.00000 1.00000 ( 4)
 383 L   0.00000 0.00000 0.00044 0.99956 ( 4)
 384 I   0.00000 0.00000 0.31615 0.68385 ( 4)
 385 Q   0.00000 0.00000 0.07248 0.92752 ( 4)
 386 G   0.00000 0.00000 0.98348 0.01652 ( 3)
 387 E   0.00000 0.00000 0.31221 0.68779 ( 4)
 388 E   0.00000 0.00000 0.98892 0.01107 ( 3)
 389 T   0.00000 0.00000 0.00000 1.00000 ( 4)
 390 V   0.00000 0.00000 0.09136 0.90864 ( 4)
 391 G   0.00000 0.00000 0.00025 0.99975 ( 4)
 392 E   0.00000 0.00000 0.00651 0.99349 ( 4)
 393 D   0.00000 0.00000 0.00108 0.99892 ( 4)
 394 D   0.00000 0.00000 0.01893 0.98107 ( 4)
 395 S   0.00000 0.00000 0.00890 0.99109 ( 4)
 396 R   0.00000 0.00000 0.99732 0.00268 ( 3)
 397 L   0.00000 0.00000 0.94305 0.05694 ( 3)
 398 F   0.00000 0.00000 0.99087 0.00913 ( 3)
 399 T   0.00000 0.00000 0.90418 0.09582 ( 3)
 400 R   0.00000 0.00000 0.94102 0.05897 ( 3)
 401 L   0.00000 0.00000 0.00282 0.99718 ( 4)
 402 R   0.00000 0.00000 0.99906 0.00094 ( 3)
 403 R   0.00000 0.00000 0.00015 0.99985 ( 4)
 404 E   0.00000 0.00000 0.98788 0.01212 ( 3)
 405 F   0.00000 0.00000 0.99396 0.00604 ( 3)
 406 H   0.00000 0.00000 0.00021 0.99978 ( 4)
 407 K   0.00000 0.00000 0.04774 0.95225 ( 4)
 408 W   0.00000 0.00000 0.99924 0.00076 ( 3)
 409 G   0.00000 0.00000 0.02018 0.97982 ( 4)
 410 I   0.00000 0.00000 0.00037 0.99963 ( 4)
 411 I   0.00000 0.00000 0.00000 0.99999 ( 4)
 412 I   0.00000 0.00000 0.46504 0.53496 ( 4)
 413 E   0.00000 0.00000 0.20780 0.79220 ( 4)
 414 N   0.00000 0.00000 0.27524 0.72476 ( 4)
 415 N   0.00000 0.00000 0.02634 0.97366 ( 4)
 416 L   0.00000 0.00000 0.22789 0.77211 ( 4)
 417 Q   0.00000 0.00000 0.00032 0.99967 ( 4)
 418 E   0.00000 0.00000 0.08767 0.91232 ( 4)
 419 -   0.00000 0.00000 0.56946 0.43053 ( 3)
 420 -   0.00000 0.00000 0.56946 0.43053 ( 3)
 421 G   0.00000 0.00000 0.84779 0.15221 ( 3)
 422 H   0.00000 0.00000 0.00014 0.99986 ( 4)
 423 K   0.00000 0.00000 0.00001 0.99998 ( 4)
 424 I   0.00000 0.00000 0.00011 0.99988 ( 4)
 425 T   0.00000 0.00000 0.00022 0.99977 ( 4)
 426 S   0.00000 0.00000 0.00001 0.99999 ( 4)
 427 R   0.00000 0.00000 0.49276 0.50724 ( 4)
 428 K   0.00000 0.00000 0.01630 0.98370 ( 4)
 429 M   0.00000 0.00000 0.51003 0.48997 ( 3)
 430 Q   0.00000 0.00000 0.00001 0.99999 ( 4)
 431 K   0.00000 0.00000 0.03717 0.96283 ( 4)
 432 F   0.00000 0.00000 0.89442 0.10558 ( 3)
 433 E   0.00000 0.00000 0.98914 0.01085 ( 3)
 434 N   0.00000 0.00000 0.75820 0.24180 ( 3)
 435 Q   0.00000 0.00000 0.03090 0.96909 ( 4)
 436 Y   0.00000 0.00000 0.99700 0.00300 ( 3)
 437 R   0.00000 0.00000 0.99979 0.00020 ( 3)
 438 G   0.00000 0.00000 0.99904 0.00095 ( 3)
 439 R   0.00000 0.00000 0.99763 0.00237 ( 3)
 440 E   0.00000 0.00000 0.87486 0.12513 ( 3)
 441 L   0.00000 0.00000 0.74277 0.25723 ( 3)
 442 P   0.00000 0.00000 0.99794 0.00205 ( 3)
 443 G   0.00000 0.00000 0.98955 0.01045 ( 3)
 444 F   0.00000 0.00000 0.99121 0.00879 ( 3)
 445 V   0.00000 0.00000 0.83914 0.16086 ( 3)
 446 N   0.00000 0.00000 0.83710 0.16290 ( 3)
 447 Y   0.00000 0.00000 0.99684 0.00316 ( 3)
 448 R   0.00000 0.00000 0.16111 0.83889 ( 4)
 449 T   0.00000 0.00000 0.97841 0.02159 ( 3)
 450 F   0.00000 0.00000 0.99047 0.00952 ( 3)
 451 E   0.00000 0.00000 0.98823 0.01177 ( 3)
 452 T   0.00000 0.00000 0.00092 0.99908 ( 4)
 453 I   0.00000 0.00000 0.98427 0.01572 ( 3)
 454 V   0.00000 0.00000 0.96660 0.03340 ( 3)
 455 K   0.00000 0.00000 0.99486 0.00513 ( 3)
 456 Q   0.00000 0.00000 0.04759 0.95240 ( 4)
 457 Q   0.00000 0.00000 0.44198 0.55801 ( 4)
 458 I   0.00000 0.00000 0.35290 0.64709 ( 4)
 459 K   0.00000 0.00000 0.00021 0.99979 ( 4)
 460 A   0.00000 0.00000 0.00140 0.99860 ( 4)
 461 L   0.00000 0.00000 0.93083 0.06917 ( 3)
 462 E   0.00000 0.00000 0.98857 0.01142 ( 3)
 463 E   0.00000 0.00000 0.98834 0.01166 ( 3)
 464 P   0.00000 0.00000 0.97873 0.02126 ( 3)
 465 A   0.00000 0.00000 0.98930 0.01069 ( 3)
 466 V   0.00000 0.00000 0.54575 0.45425 ( 3)
 467 N   0.00000 0.00000 0.02037 0.97963 ( 4)
 468 M   0.00000 0.00000 0.99906 0.00093 ( 3)
 469 L   0.00000 0.00000 0.92404 0.07596 ( 3)
 470 H   0.00000 0.00000 0.92527 0.07473 ( 3)
 471 T   0.00000 0.00000 0.50546 0.49454 ( 3)
 472 V   0.00000 0.00000 0.86272 0.13728 ( 3)
 473 T   0.00000 0.00000 0.98263 0.01736 ( 3)
 474 D   0.00000 0.00000 0.00010 0.99989 ( 4)
 475 M   0.00000 0.00000 0.77929 0.22071 ( 3)
 476 V   0.00000 0.00000 0.99021 0.00979 ( 3)
 477 R   0.00000 0.00000 0.00285 0.99715 ( 4)
 478 L   0.00000 0.00000 0.00000 1.00000 ( 4)
 479 A   0.00000 0.00000 0.06048 0.93952 ( 4)
 480 F   0.00000 0.00000 0.99529 0.00470 ( 3)
 481 T   0.00000 0.00000 0.00004 0.99995 ( 4)
 482 D   0.00000 0.00000 0.00293 0.99707 ( 4)
 483 V   0.00000 0.00000 0.22827 0.77173 ( 4)
 484 S   0.00000 0.00000 0.11484 0.88516 ( 4)
 485 M   0.00000 0.00000 0.00000 0.99999 ( 4)
 486 K   0.00000 0.00000 0.00815 0.99185 ( 4)
 487 N   0.00000 0.00000 0.03526 0.96474 ( 4)
 488 F   0.00000 0.00000 0.99018 0.00981 ( 3)
 489 E   0.00000 0.00000 0.00088 0.99912 ( 4)
 490 E   0.00000 0.00000 0.54300 0.45700 ( 3)
 491 L   0.00000 0.00000 0.89017 0.10983 ( 3)
 492 F   0.00000 0.00000 0.03375 0.96625 ( 4)
 493 N   0.00000 0.00000 0.99985 0.00015 ( 3)
 494 L   0.00000 0.00000 0.99102 0.00898 ( 3)
 495 H   0.00000 0.00000 0.03416 0.96584 ( 4)
 496 R   0.00000 0.00000 0.03960 0.96039 ( 4)
 497 T   0.00000 0.00000 0.98745 0.01255 ( 3)
 498 A   0.00000 0.00000 0.54420 0.45579 ( 3)
