Supplemental results for CODEML (seqf: ../../../Mx_aln.phy  treef: ../../../Mx_branch_outgroup.tree)

I	J	ij	2Ns_IJ	pMut_IJ	pSub_IJ	2Ns_JI	pMut_JI	pSub_JI

TTC	TTT	CT	0.76607	0.03350	0.04795	-0.76607	0.07206	0.04795
TTA	TTT	AT	1.94617	0.00295	0.00670	-1.94617	0.02065	0.00670
TTA	TTC	AC	1.18009	0.00697	0.01187	-1.18009	0.02267	0.01187
TTG	TTT	GT	0.86572	0.00717	0.01072	-0.86572	0.01705	0.01072
TTG	TTC	GC	0.09965	0.01694	0.01780	-0.09965	0.01872	0.01780
TTG	TTA	GA	-1.08044	0.04022	0.02233	1.08044	0.01365	0.02233
TCT	TTT	CT	1.59080	0.01468	0.02934	-1.59080	0.07206	0.02934
TCC	TTC	CT	1.25797	0.02248	0.03952	-1.25797	0.07910	0.03952
TCC	TCT	CT	0.43325	0.02248	0.02771	-0.43325	0.03468	0.02771
TCA	TTA	CT	0.48127	0.01239	0.01561	-0.48127	0.02005	0.01561
TCA	TCT	AT	0.83663	0.00430	0.00635	-0.83663	0.00994	0.00635
TCA	TCC	AC	0.40339	0.01017	0.01235	-0.40339	0.01522	0.01235
TCG	TTG	CT	1.95794	0.00688	0.01569	-1.95794	0.04876	0.01569
TCG	TCT	GT	1.23287	0.00239	0.00416	-1.23287	0.00821	0.00416
TCG	TCC	GC	0.79962	0.00565	0.00820	-0.79962	0.01256	0.00820
TCG	TCA	GA	0.39624	0.01341	0.01624	-0.39624	0.01993	0.01624
TAT	TTT	AT	1.32298	0.00550	0.00992	-1.32298	0.02065	0.00992
TAT	TCT	AC	-0.26782	0.01299	0.01133	0.26782	0.00994	0.01133
TAC	TTC	AT	0.89675	0.00925	0.01400	-0.89675	0.02267	0.01400
TAC	TCC	AC	-0.36122	0.02184	0.01813	0.36122	0.01522	0.01813
TAC	TAT	CT	0.33985	0.02661	0.03139	-0.33985	0.03739	0.03139
TGT	TTT	GT	1.81018	0.00279	0.00604	-1.81018	0.01705	0.00604
TGT	TCT	GC	0.21939	0.00659	0.00734	-0.21939	0.00821	0.00734
TGT	TAT	GA	0.48721	0.01564	0.01976	-0.48721	0.02546	0.01976
TGC	TTC	GT	1.19611	0.00566	0.00970	-1.19611	0.01872	0.00970
TGC	TCC	GC	-0.06186	0.01337	0.01296	0.06186	0.01256	0.01296
TGC	TAC	GA	0.29936	0.03173	0.03672	-0.29936	0.04280	0.03672
TGC	TGT	CT	0.15200	0.01629	0.01756	-0.15200	0.01896	0.01756
TGG	TTG	GT	1.21379	0.00343	0.00592	-1.21379	0.01154	0.00592
TGG	TCG	GC	-0.74415	0.00809	0.00545	0.74415	0.00385	0.00545
TGG	TGT	GT	0.26933	0.00343	0.00391	-0.26933	0.00449	0.00391
TGG	TGC	GC	0.11733	0.00809	0.00858	-0.11733	0.00910	0.00858
CTT	TTT	CT	1.18533	0.02203	0.03760	-1.18533	0.07206	0.03760
CTC	TTC	CT	1.03075	0.02822	0.04522	-1.03075	0.07910	0.04522
CTC	CTT	CT	0.61150	0.02822	0.03772	-0.61150	0.05201	0.03772
CTA	TTA	CT	0.57843	0.01124	0.01481	-0.57843	0.02005	0.01481
CTA	CTT	AT	1.33926	0.00391	0.00709	-1.33926	0.01491	0.00709
CTA	CTC	AC	0.72777	0.00922	0.01298	-0.72777	0.01910	0.01298
CTG	TTG	CT	-0.66672	0.09498	0.06681	0.66672	0.04876	0.06681
CTG	CTT	GT	-0.98633	0.03300	0.01936	0.98633	0.01231	0.01936
CTG	CTC	GC	-1.59783	0.07794	0.03159	1.59783	0.01577	0.03159
CTG	CTA	GA	-2.32560	0.18501	0.04660	2.32560	0.01808	0.04660
CCT	TCT	CT	0.51840	0.02065	0.02646	-0.51840	0.03468	0.02646
CCT	CTT	CT	0.92387	0.02065	0.03164	-0.92387	0.05201	0.03164
CCC	TCC	CT	1.07485	0.01812	0.02958	-1.07485	0.05310	0.02958
CCC	CTC	CT	1.30207	0.01812	0.03242	-1.30207	0.06664	0.03242
CCC	CCT	CT	0.98969	0.01812	0.02855	-0.98969	0.04876	0.02855
CCA	TCA	CT	0.58564	0.01629	0.02152	-0.58564	0.02926	0.02152
CCA	CTA	CT	0.48847	0.01629	0.02059	-0.48847	0.02655	0.02059
CCA	CCT	AT	0.90386	0.00566	0.00860	-0.90386	0.01397	0.00860
CCA	CCC	AC	-0.08583	0.01337	0.01280	0.08583	0.01227	0.01280
CCG	TCG	CT	1.16949	0.00505	0.00856	-1.16949	0.01625	0.00856
CCG	CTG	CT	3.79416	0.00505	0.01959	-3.79416	0.22431	0.01959
CCG	CCT	GT	1.88395	0.00175	0.00390	-1.88395	0.01154	0.00390
CCG	CCC	GC	0.89426	0.00414	0.00627	-0.89426	0.01013	0.00627
CCG	CCA	GA	0.98009	0.00983	0.01542	-0.98009	0.02620	0.01542
CAT	TAT	CT	1.08610	0.01262	0.02069	-1.08610	0.03739	0.02069
CAT	CTT	AT	1.22375	0.00438	0.00760	-1.22375	0.01491	0.00760
CAT	CCT	AC	0.29988	0.01035	0.01198	-0.29988	0.01397	0.01198
CAC	TAC	CT	0.81713	0.02776	0.04063	-0.81713	0.06285	0.04063
CAC	CTC	AT	0.68313	0.00965	0.01331	-0.68313	0.01910	0.01331
CAC	CCC	AC	-0.61894	0.02278	0.01645	0.61894	0.01227	0.01645
CAC	CAT	CT	0.07087	0.02776	0.02876	-0.07087	0.02980	0.02876
CAA	CTA	AT	-0.26976	0.00996	0.00868	0.26976	0.00761	0.00868
CAA	CCA	AC	-0.75823	0.02353	0.01573	0.75823	0.01102	0.01573
CAA	CAT	AT	-0.15425	0.00996	0.00922	0.15425	0.00854	0.00922
CAA	CAC	AC	-0.22512	0.02353	0.02098	0.22512	0.01879	0.02098
CAG	CTG	AT	0.80650	0.02870	0.04181	-0.80650	0.06428	0.04181
CAG	CCG	AC	-2.98766	0.06777	0.01075	2.98766	0.00342	0.01075
CAG	CAT	GT	-1.40359	0.02870	0.01312	1.40359	0.00705	0.01312
CAG	CAC	GC	-1.47446	0.06777	0.02966	1.47446	0.01551	0.02966
CAG	CAA	GA	-1.24934	0.16088	0.08079	1.24934	0.04612	0.08079
CGT	TGT	CT	1.32364	0.00505	0.00910	-1.32364	0.01896	0.00910
CGT	CTT	GT	1.94849	0.00175	0.00398	-1.94849	0.01231	0.00398
CGT	CCT	GC	1.02462	0.00414	0.00662	-1.02462	0.01154	0.00662
CGT	CAT	GA	0.72474	0.00983	0.01382	-0.72474	0.02029	0.01382
CGC	TGC	CT	1.25081	0.01101	0.01930	-1.25081	0.03847	0.01930
CGC	CTC	GT	1.41617	0.00383	0.00715	-1.41617	0.01577	0.00715
CGC	CCC	GC	0.11410	0.00904	0.00956	-0.11410	0.01013	0.00956
CGC	CAC	GA	0.73304	0.02145	0.03027	-0.73304	0.04465	0.03027
CGC	CGT	CT	0.07917	0.01101	0.01145	-0.07917	0.01192	0.01145
CGA	CTA	GT	0.87050	0.00263	0.00394	-0.87050	0.00628	0.00394
CGA	CCA	GC	0.38202	0.00621	0.00747	-0.38202	0.00910	0.00747
CGA	CAA	GA	1.14026	0.01475	0.02472	-1.14026	0.04612	0.02472
CGA	CGT	AT	0.26127	0.00263	0.00299	-0.26127	0.00342	0.00299
CGA	CGC	AC	0.18210	0.00621	0.00680	-0.18210	0.00745	0.00680
CGG	TGG	CT	-0.06160	0.02478	0.02402	0.06160	0.02330	0.02402
CGG	CTG	GT	1.81892	0.00861	0.01869	-1.81892	0.05308	0.01869
CGG	CCG	GC	-1.97524	0.02033	0.00647	1.97524	0.00282	0.00647
CGG	CAG	GA	1.01242	0.04826	0.07675	-1.01242	0.13284	0.07675
CGG	CGT	GT	-1.11591	0.00861	0.00468	1.11591	0.00282	0.00468
CGG	CGC	GC	-1.19508	0.02033	0.01055	1.19508	0.00615	0.01055
CGG	CGA	GA	-1.37717	0.04826	0.02243	1.37717	0.01218	0.02243
ATT	TTT	AT	0.43909	0.01331	0.01645	-0.43909	0.02065	0.01645
ATT	CTT	AC	-0.74624	0.03144	0.02115	0.74624	0.01491	0.02115
ATC	TTC	AT	-0.16677	0.02678	0.02461	0.16677	0.02267	0.02461
ATC	CTC	AC	-1.19752	0.06325	0.03276	1.19752	0.01910	0.03276
ATC	ATT	CT	0.16021	0.07709	0.08343	-0.16021	0.09048	0.08343
ATA	TTA	AT	-0.41370	0.00869	0.00702	0.41370	0.00575	0.00702
ATA	CTA	AC	-0.99212	0.02052	0.01200	0.99212	0.00761	0.01200
ATA	ATT	AT	1.09338	0.00869	0.01429	-1.09338	0.02593	0.01429
ATA	ATC	AC	0.93317	0.02052	0.03156	-0.93317	0.05217	0.03156
ATG	TTG	AT	0.26870	0.01068	0.01218	-0.26870	0.01397	0.01218
ATG	CTG	AC	0.93543	0.02523	0.03884	-0.93543	0.06428	0.03884
ATG	ATT	GT	0.69534	0.01068	0.01482	-0.69534	0.02141	0.01482
ATG	ATC	GC	0.53512	0.02523	0.03257	-0.53512	0.04308	0.03257
ATG	ATA	GA	-0.39804	0.05988	0.04875	0.39804	0.04022	0.04875
ACT	TCT	AT	0.45617	0.00630	0.00784	-0.45617	0.00994	0.00784
ACT	CCT	AC	-0.06224	0.01487	0.01441	0.06224	0.01397	0.01441
ACT	ATT	CT	1.60788	0.01812	0.03644	-1.60788	0.09048	0.03644
ACC	TCC	AT	0.33905	0.01084	0.01278	-0.33905	0.01522	0.01278
ACC	CCC	AC	-0.73580	0.02560	0.01733	0.73580	0.01227	0.01733
ACC	ATC	CT	1.76379	0.03120	0.06642	-1.76379	0.18205	0.06642
ACC	ACT	CT	0.31612	0.03120	0.03639	-0.31612	0.04280	0.03639
ACA	TCA	AT	-0.03563	0.00869	0.00853	0.03563	0.00838	0.00853
ACA	CCA	AC	-0.62127	0.02052	0.01480	0.62127	0.01102	0.01480
ACA	ATA	CT	0.85933	0.02501	0.03727	-0.85933	0.05906	0.03727
ACA	ACT	AT	0.34483	0.00869	0.01027	-0.34483	0.01227	0.01027
ACA	ACC	AC	0.02871	0.02052	0.02082	-0.02871	0.02112	0.02082
ACG	TCG	AT	0.19673	0.00383	0.00421	-0.19673	0.00466	0.00421
ACG	CCG	AC	-0.97276	0.00904	0.00534	0.97276	0.00342	0.00534
ACG	ATG	CT	1.88597	0.01101	0.02448	-1.88597	0.07260	0.02448
ACG	ACT	GT	0.97343	0.00383	0.00599	-0.97343	0.01013	0.00599
ACG	ACC	GC	0.65731	0.00904	0.01233	-0.65731	0.01744	0.01233
ACG	ACA	GA	0.62860	0.02145	0.02889	-0.62860	0.04022	0.02889
AAT	TAT	AT	-0.19903	0.01307	0.01182	0.19903	0.01071	0.01182
AAT	CAT	AC	-1.28513	0.03087	0.01517	1.28513	0.00854	0.01517
AAT	ATT	AT	0.68486	0.01307	0.01806	-0.68486	0.02593	0.01806
AAT	ACT	AC	-0.92302	0.03087	0.01879	0.92302	0.01227	0.01879
AAC	TAC	AT	0.64120	0.00949	0.01285	-0.64120	0.01801	0.01285
AAC	CAC	AC	-0.17593	0.02240	0.02049	0.17593	0.01879	0.02049
AAC	ATC	AT	1.70472	0.00949	0.01976	-1.70472	0.05217	0.01976
AAC	ACC	AC	-0.05907	0.02240	0.02175	0.05907	0.02112	0.02175
AAC	AAT	CT	1.18007	0.02730	0.04651	-1.18007	0.08886	0.04651
AAA	CAA	AC	-0.95153	0.05026	0.03009	0.95153	0.01941	0.03009
AAA	ATA	AT	-0.22917	0.02128	0.01894	0.22917	0.01692	0.01894
AAA	ACA	AC	-1.08850	0.05026	0.02777	1.08850	0.01692	0.02777
AAA	AAT	AT	0.17935	0.02128	0.02325	-0.17935	0.02546	0.02325
AAA	AAC	AC	-1.00072	0.05026	0.02924	1.00072	0.01848	0.02924
AAG	CAG	AC	-0.22270	0.06984	0.06235	0.22270	0.05590	0.06235
AAG	ATG	AT	-0.35163	0.02957	0.02468	0.35163	0.02081	0.02468
AAG	ACG	AC	-2.23760	0.06984	0.01867	2.23760	0.00745	0.01867
AAG	AAT	GT	-0.34115	0.02957	0.02482	0.34115	0.02103	0.02482
AAG	AAC	GC	-1.52123	0.06984	0.02970	1.52123	0.01526	0.02970
AAG	AAA	GA	-0.52050	0.16580	0.12638	0.52050	0.09852	0.12638
AGT	TGT	AT	-0.24383	0.00694	0.00612	0.24383	0.00543	0.00612
AGT	CGT	AC	-1.56746	0.01638	0.00677	1.56746	0.00342	0.00677
AGT	ATT	GT	1.12727	0.00694	0.01156	-1.12727	0.02141	0.01156
AGT	ACT	GC	-0.48061	0.01638	0.01276	0.48061	0.01013	0.01276
AGT	AAT	GA	0.44241	0.03888	0.04811	-0.44241	0.06051	0.04811
AGC	TGC	AT	-0.10102	0.01220	0.01159	0.10102	0.01102	0.01159
AGC	CGC	AC	-1.35183	0.02880	0.01359	1.35183	0.00745	0.01359
AGC	ATC	GT	1.26186	0.01220	0.02147	-1.26186	0.04308	0.02147
AGC	ACC	GC	-0.50193	0.02880	0.02218	0.50193	0.01744	0.02218
AGC	AAC	GA	-0.44287	0.06838	0.05435	0.44287	0.04391	0.05435
AGC	AGT	CT	0.29480	0.03510	0.04053	-0.29480	0.04714	0.04053
AGA	CGA	AC	-1.59393	0.02523	0.01025	1.59393	0.00512	0.01025
AGA	ATA	GT	0.26869	0.01068	0.01218	-0.26869	0.01397	0.01218
AGA	ACA	GC	-0.59064	0.02523	0.01851	0.59064	0.01397	0.01851
AGA	AAA	GA	0.49786	0.05988	0.07602	-0.49786	0.09852	0.07602
AGA	AGT	AT	0.23480	0.01068	0.01198	-0.23480	0.01351	0.01198
AGA	AGC	AC	-0.06000	0.02523	0.02448	0.06000	0.02376	0.02448
AGG	TGG	AT	0.00909	0.00662	0.00665	-0.00909	0.00668	0.00665
AGG	CGG	AC	0.07069	0.01562	0.01618	-0.07069	0.01677	0.01618
AGG	ATG	GT	0.95418	0.00662	0.01027	-0.95418	0.01718	0.01027
AGG	ACG	GC	-0.93179	0.01562	0.00946	0.93179	0.00615	0.00946
AGG	AAG	GA	1.30581	0.03709	0.06644	-1.30581	0.13690	0.06644
AGG	AGT	GT	0.52225	0.00662	0.00849	-0.52225	0.01115	0.00849
AGG	AGC	GC	0.22745	0.01562	0.01747	-0.22745	0.01962	0.01747
AGG	AGA	GA	0.28745	0.03709	0.04268	-0.28745	0.04944	0.04268
GTT	TTT	GT	1.25466	0.00486	0.00853	-1.25466	0.01705	0.00853
GTT	CTT	GC	0.06933	0.01148	0.01189	-0.06933	0.01231	0.01189
GTT	ATT	GA	0.81557	0.02726	0.03987	-0.81557	0.06162	0.03987
GTC	TTC	GT	0.62251	0.01004	0.01349	-0.62251	0.01872	0.01349
GTC	CTC	GC	-0.40825	0.02372	0.01921	0.40825	0.01577	0.01921
GTC	ATC	GA	0.78928	0.05631	0.08142	-0.78928	0.12398	0.08142
GTC	GTT	CT	0.13392	0.02891	0.03089	-0.13392	0.03305	0.03089
GTA	TTA	GT	0.32490	0.00343	0.00401	-0.32490	0.00474	0.00401
GTA	CTA	GC	-0.25353	0.00809	0.00711	0.25353	0.00628	0.00711
GTA	ATA	GA	0.73860	0.01922	0.02718	-0.73860	0.04022	0.02718
GTA	GTT	AT	1.01641	0.00343	0.00546	-1.01641	0.00947	0.00546
GTA	GTC	AC	0.88248	0.00809	0.01219	-0.88248	0.01956	0.01219
GTG	TTG	GT	-0.53844	0.01977	0.01492	0.53844	0.01154	0.01492
GTG	CTG	GC	0.12829	0.04669	0.04975	-0.12829	0.05308	0.04975
GTG	ATG	GA	-0.80714	0.11083	0.07206	0.80714	0.04944	0.07206
GTG	GTT	GT	-0.92737	0.01977	0.01200	0.92737	0.00782	0.01200
GTG	GTC	GC	-1.06130	0.04669	0.02621	1.06130	0.01615	0.02621
GTG	GTA	GA	-1.94378	0.11083	0.03599	1.94378	0.01587	0.03599
GCT	TCT	GT	-0.40936	0.01236	0.01000	0.40936	0.00821	0.01000
GCT	CCT	GC	-0.92776	0.02918	0.01771	0.92776	0.01154	0.01771
GCT	ACT	GA	-0.86553	0.06927	0.04356	0.86553	0.02915	0.04356
GCT	GTT	CT	-0.07322	0.03556	0.03428	0.07322	0.03305	0.03428
GCC	TCC	GT	-0.11033	0.01403	0.01327	0.11033	0.01256	0.01327
GCC	CCC	GC	-1.18518	0.03313	0.01729	1.18518	0.01013	0.01729
GCC	ACC	GA	-0.44938	0.07865	0.06230	0.44938	0.05018	0.06230
GCC	GTC	CT	0.52513	0.04038	0.05191	-0.52513	0.06827	0.05191
GCC	GCT	CT	0.73227	0.04038	0.05695	-0.73227	0.08398	0.05695
GCA	TCA	GT	-0.08971	0.00757	0.00724	0.08971	0.00692	0.00724
GCA	CCA	GC	-0.67535	0.01788	0.01252	0.67535	0.00910	0.01252
GCA	ACA	GA	-0.05408	0.04246	0.04132	0.05408	0.04022	0.04132
GCA	GTA	CT	0.06665	0.02180	0.02253	-0.06665	0.02330	0.02253
GCA	GCT	AT	1.15628	0.00757	0.01278	-1.15628	0.02407	0.01278
GCA	GCC	AC	0.42401	0.01788	0.02194	-0.42401	0.02733	0.02194
GCG	TCG	GT	0.78534	0.00175	0.00253	-0.78534	0.00385	0.00253
GCG	CCG	GC	-0.38415	0.00414	0.00340	0.38415	0.00282	0.00340
GCG	ACG	GA	0.58861	0.00983	0.01301	-0.58861	0.01771	0.01301
GCG	GTG	CT	3.28172	0.00505	0.01721	-3.28172	0.13437	0.01721
GCG	GCT	GT	2.42757	0.00175	0.00467	-2.42757	0.01987	0.00467
GCG	GCC	GC	1.69529	0.00414	0.00860	-1.69529	0.02256	0.00860
GCG	GCA	GA	1.27128	0.00983	0.01737	-1.27128	0.03505	0.01737
GAT	TAT	GT	-0.40270	0.01323	0.01075	0.40270	0.00885	0.01075
GAT	CAT	GC	-1.48880	0.03125	0.01356	1.48880	0.00705	0.01356
GAT	AAT	GA	-0.20367	0.07418	0.06689	0.20367	0.06051	0.06689
GAT	GTT	AT	-0.33438	0.01323	0.01114	0.33438	0.00947	0.01114
GAT	GCT	AC	-0.26116	0.03125	0.02735	0.26116	0.02407	0.02735
GAC	TAC	GT	-0.40602	0.02232	0.01809	0.40602	0.01487	0.01809
GAC	CAC	GC	-1.22315	0.05271	0.02689	1.22315	0.01551	0.02689
GAC	AAC	GA	-1.04722	0.12513	0.07084	1.04722	0.04391	0.07084
GAC	GTC	AT	-0.13177	0.02232	0.02088	0.13177	0.01956	0.02088
GAC	GCC	AC	-0.65690	0.05271	0.03728	0.65690	0.02733	0.03728
GAC	GAT	CT	0.33653	0.06424	0.07565	-0.33653	0.08994	0.07565
GAA	CAA	GC	-1.36097	0.06250	0.02933	1.36097	0.01603	0.02933
GAA	AAA	GA	-0.40944	0.14837	0.12006	0.40944	0.09852	0.12006
GAA	GTA	AT	-1.37720	0.02647	0.01230	1.37720	0.00668	0.01230
GAA	GCA	AC	-1.44386	0.06250	0.02788	1.44386	0.01475	0.02788
GAA	GAT	AT	-0.02641	0.02647	0.02612	0.02641	0.02578	0.02612
GAA	GAC	AC	-0.36294	0.06250	0.05184	0.36294	0.04348	0.05184
GAG	CAG	GC	-0.55717	0.08057	0.06020	0.55717	0.04615	0.06020
GAG	AAG	GA	-0.33447	0.19127	0.16106	0.33447	0.13690	0.16106
GAG	GTG	AT	0.12104	0.03412	0.03622	-0.12104	0.03851	0.03622
GAG	GCG	AC	-3.16068	0.08057	0.01127	3.16068	0.00342	0.01127
GAG	GAT	GT	-0.47195	0.03412	0.02670	0.47195	0.02128	0.02670
GAG	GAC	GC	-0.80848	0.08057	0.05234	0.80848	0.03590	0.05234
GAG	GAA	GA	-0.44554	0.19127	0.15182	0.44554	0.12251	0.15182
GGT	TGT	GT	-0.04701	0.00470	0.00459	0.04701	0.00449	0.00459
GGT	CGT	GC	-1.37064	0.01111	0.00518	1.37064	0.00282	0.00518
GGT	AGT	GA	0.19682	0.02637	0.02905	-0.19682	0.03210	0.02905
GGT	GTT	GT	0.50852	0.00470	0.00600	-0.50852	0.00782	0.00600
GGT	GCT	GC	0.58174	0.01111	0.01465	-0.58174	0.01987	0.01465
GGT	GAT	GA	0.84290	0.02637	0.03902	-0.84290	0.06125	0.03902
GGC	TGC	GT	-0.07432	0.00980	0.00945	0.07432	0.00910	0.00945
GGC	CGC	GC	-1.32513	0.02315	0.01111	1.32513	0.00615	0.01111
GGC	AGC	GA	0.02670	0.05497	0.05571	-0.02670	0.05646	0.05571
GGC	GTC	GT	0.49928	0.00980	0.01246	-0.49928	0.01615	0.01246
GGC	GCC	GC	-0.02585	0.02315	0.02286	0.02585	0.02256	0.02286
GGC	GAC	GA	0.63105	0.05497	0.07412	-0.63105	0.10332	0.07412
GGC	GGT	CT	0.12468	0.02822	0.03002	-0.12468	0.03197	0.03002
GGA	CGA	GC	-1.40943	0.01732	0.00789	1.40943	0.00423	0.00789
GGA	AGA	GA	0.18450	0.04111	0.04502	-0.18450	0.04944	0.04502
GGA	GTA	GT	-0.28541	0.00733	0.00634	0.28541	0.00551	0.00634
GGA	GCA	GC	-0.35206	0.01732	0.01445	0.35206	0.01218	0.01445
GGA	GAA	GA	1.09180	0.04111	0.06756	-1.09180	0.12251	0.06756
GGA	GGT	AT	0.22248	0.00733	0.00818	-0.22248	0.00916	0.00818
GGA	GGC	AC	0.09780	0.01732	0.01818	-0.09780	0.01910	0.01818
GGG	TGG	GT	-0.32797	0.00765	0.00647	0.32797	0.00551	0.00647
GGG	CGG	GC	-0.26637	0.01807	0.01577	0.26637	0.01385	0.01577
GGG	AGG	GA	-0.33706	0.04290	0.03608	0.33706	0.03063	0.03608
GGG	GTG	GT	1.42426	0.00765	0.01435	-1.42426	0.03179	0.01435
GGG	GCG	GC	-1.85745	0.01807	0.00621	1.85745	0.00282	0.00621
GGG	GAG	GA	1.30322	0.04290	0.07676	-1.30322	0.15793	0.07676
GGG	GGT	GT	-0.01163	0.00765	0.00761	0.01163	0.00756	0.00761
GGG	GGC	GC	-0.13631	0.01807	0.01687	0.13631	0.01577	0.01687
GGG	GGA	GA	-0.23411	0.04290	0.03808	0.23411	0.03395	0.03808


Histograms
2Ns	FMut	FSub(CodonUsage)	FSubw(after w)

-3.61348	0.01474	0.00150
-3.25213	0.01412	0.00218
-2.89078	0.00445	0.00082
-2.52944	0.00131	0.00036
-2.16809	0.01674	0.00499
-1.80674	0.04218	0.01706
-1.44539	0.08470	0.04483
-1.08404	0.14052	0.09035
-0.72270	0.12367	0.09772
-0.36135	0.17975	0.17221
0.00000	0.11697	0.13597
0.36135	0.12350	0.17221
0.72270	0.05967	0.09772
1.08404	0.04740	0.09035
1.44539	0.02067	0.04483
1.80674	0.00671	0.01706
2.16809	0.00168	0.00499
2.52944	0.00012	0.00036
2.89078	0.00022	0.00082
3.25213	0.00056	0.00218
3.61348	0.00033	0.00150

Proportion of advantageous (S > 0) mutations:
 0.31655

Proportions of good & bad mutations (|S| > 2.0000) among mutations:
0.00290  0.05136

mean |Ns| = 0.86749	mean Ns+ = 0.61476	mean Ns- = -0.98454


MLEs of dN/dS (w) for site classes (K=4)

site class             0        1       2a       2b
proportion       0.53593  0.42714  0.02055  0.01638
background w     0.08790  1.00000  0.08790  1.00000
foreground w     0.08790  1.00000 29.90123 29.90123

Naive Empirical Bayes (NEB) probabilities for 4 classes
(amino acids refer to 1st sequence: Rhesus_macaque_Mx)

   1 I   0.00604 0.96309 0.00053 0.03034 ( 2)
   2 V   0.00004 0.97503 0.00000 0.02494 ( 2)
   3 K   0.29757 0.69086 0.00138 0.01019 ( 2)
   4 A   0.00006 0.96667 0.00000 0.03327 ( 2)
   5 D   0.03981 0.93886 0.00078 0.02054 ( 2)
   6 P   0.00055 0.95702 0.00008 0.04234 ( 2)
   7 A   0.00008 0.91351 0.00039 0.08602 ( 2)
   8 A   0.00018 0.91869 0.00016 0.08097 ( 2)
   9 A   0.00908 0.94353 0.00148 0.04591 ( 2)
  10 S   0.00000 0.90552 0.00000 0.09448 ( 2)
  11 Q   0.16510 0.82305 0.00025 0.01160 ( 2)
  12 P   0.08303 0.69248 0.17891 0.04559 ( 2)
  13 L   0.00641 0.97514 0.00007 0.01839 ( 2)
  14 L   0.01730 0.89052 0.01296 0.07922 ( 2)
  15 L   0.23959 0.69949 0.03879 0.02213 ( 2)
  16 N   0.01034 0.88910 0.02836 0.07219 ( 2)
  17 G   0.01031 0.94752 0.00185 0.04032 ( 2)
  18 D   0.00001 0.95481 0.00001 0.04518 ( 2)
  19 A   0.00008 0.89115 0.00006 0.10871 ( 2)
  20 D   0.00111 0.97439 0.00006 0.02444 ( 2)
  21 V   0.00002 0.93940 0.00005 0.06054 ( 2)
  22 A   0.00427 0.94168 0.00459 0.04946 ( 2)
  23 Q   0.74735 0.24517 0.00367 0.00381 ( 1)
  24 K   0.17448 0.80892 0.00261 0.01399 ( 2)
  25 S   0.00000 0.94471 0.00000 0.05529 ( 2)
  26 P   0.00002 0.95591 0.00001 0.04406 ( 2)
  27 G   0.00023 0.96468 0.00002 0.03506 ( 2)
  28 S   0.00082 0.94705 0.00156 0.05058 ( 2)
  29 V   0.00181 0.96052 0.00028 0.03739 ( 2)
  30 A   0.00054 0.96204 0.00005 0.03737 ( 2)
  31 E   0.00239 0.97441 0.00002 0.02317 ( 2)
  32 N   0.00044 0.97208 0.00003 0.02745 ( 2)
  33 N   0.64795 0.32355 0.02121 0.00729 ( 1)
  34 L   0.93204 0.06310 0.00424 0.00061 ( 1)
  35 C   0.19918 0.79092 0.00317 0.00672 ( 2)
  36 S   0.83670 0.13611 0.02453 0.00267 ( 1)
  37 Q   0.83935 0.15695 0.00232 0.00137 ( 1)
  38 Y   0.99542 0.00373 0.00083 0.00002 ( 1)
  39 E   0.85835 0.13536 0.00441 0.00188 ( 1)
  40 E   0.31665 0.67106 0.00228 0.01002 ( 2)
  41 K   0.98689 0.00981 0.00319 0.00011 ( 1)
  42 V   0.69446 0.17046 0.12826 0.00682 ( 1)
  43 R   0.97392 0.02333 0.00250 0.00025 ( 1)
  44 P   0.99677 0.00145 0.00176 0.00001 ( 1)
  45 C   0.99844 0.00095 0.00061 0.00000 ( 1)
  46 I   0.97968 0.01699 0.00316 0.00017 ( 1)
  47 D   0.99264 0.00376 0.00354 0.00006 ( 1)
  48 L   0.99358 0.00429 0.00209 0.00004 ( 1)
  49 I   0.82216 0.17125 0.00433 0.00226 ( 1)
  50 D   0.99382 0.00382 0.00232 0.00004 ( 1)
  51 S   0.08336 0.68569 0.19487 0.03607 ( 2)
  52 L   0.89560 0.10065 0.00310 0.00064 ( 1)
  53 R   0.98923 0.00306 0.00760 0.00010 ( 1)
  54 A   0.07236 0.89878 0.00063 0.02823 ( 2)
  55 L   0.94506 0.04612 0.00778 0.00104 ( 1)
  56 G   0.98136 0.01600 0.00233 0.00031 ( 1)
  57 V   0.77641 0.14552 0.07494 0.00314 ( 1)
  58 E   0.85584 0.13564 0.00613 0.00240 ( 1)
  59 Q   0.30209 0.61398 0.05898 0.02496 ( 2)
  60 D   0.99382 0.00382 0.00232 0.00004 ( 1)
  61 L   0.88944 0.10681 0.00307 0.00068 ( 1)
  62 A   0.06170 0.88973 0.00873 0.03984 ( 2)
  63 L   0.92440 0.07086 0.00407 0.00067 ( 1)
  64 P   0.99711 0.00112 0.00176 0.00001 ( 1)
  65 A   0.99178 0.00419 0.00394 0.00008 ( 1)
  66 I   0.97525 0.02152 0.00304 0.00019 ( 1)
  67 A   0.98994 0.00572 0.00423 0.00011 ( 1)
  68 V   0.99294 0.00196 0.00506 0.00005 ( 1)
  69 I   0.97752 0.01862 0.00365 0.00021 ( 1)
  70 G   0.99703 0.00084 0.00212 0.00001 ( 1)
  71 D   0.99382 0.00382 0.00232 0.00004 ( 1)
  72 Q   0.79035 0.20537 0.00263 0.00165 ( 1)
  73 S   0.98230 0.01563 0.00190 0.00016 ( 1)
  74 S   0.99416 0.00346 0.00234 0.00004 ( 1)
  75 G   0.99639 0.00096 0.00264 0.00002 ( 1)
  76 K   0.98640 0.00880 0.00466 0.00015 ( 1)
  77 S   0.99712 0.00156 0.00130 0.00001 ( 1)
  78 S   0.99690 0.00172 0.00137 0.00001 ( 1)
  79 V   0.78214 0.19706 0.01399 0.00681 ( 1)
  80 L   0.94840 0.04316 0.00755 0.00089 ( 1)
  81 E   0.98180 0.01334 0.00466 0.00019 ( 1)
  82 A   0.99196 0.00431 0.00367 0.00007 ( 1)
  83 L   0.90052 0.09556 0.00326 0.00065 ( 1)
  84 S   0.99529 0.00302 0.00167 0.00003 ( 1)
  85 G   0.99544 0.00092 0.00361 0.00002 ( 1)
  86 V   0.99739 0.00082 0.00178 0.00001 ( 1)
  87 A   0.84973 0.13858 0.00871 0.00297 ( 1)
  88 L   0.99321 0.00471 0.00204 0.00004 ( 1)
  89 P   0.99677 0.00145 0.00176 0.00001 ( 1)
  90 R   0.99676 0.00112 0.00211 0.00002 ( 1)
  91 G   0.97839 0.01930 0.00210 0.00020 ( 1)
  92 S   0.83338 0.14280 0.02176 0.00206 ( 1)
  93 G   0.99808 0.00069 0.00123 0.00001 ( 1)
  94 I   0.83940 0.15420 0.00440 0.00200 ( 1)
  95 V   0.98589 0.01198 0.00198 0.00015 ( 1)
  96 T   0.99620 0.00124 0.00254 0.00002 ( 1)
  97 R   0.99178 0.00211 0.00606 0.00005 ( 1)
  98 C   0.99872 0.00070 0.00058 0.00000 ( 1)
  99 P   0.99622 0.00228 0.00148 0.00002 ( 1)
 100 L   0.92717 0.06915 0.00323 0.00044 ( 1)
 101 V   0.64111 0.17483 0.17400 0.01006 ( 1)
 102 L   0.94374 0.04742 0.00777 0.00107 ( 1)
 103 K   0.93576 0.06071 0.00282 0.00070 ( 1)
 104 L   0.92361 0.07239 0.00348 0.00052 ( 1)
 105 K   0.90228 0.09204 0.00417 0.00151 ( 1)
 106 K   0.91910 0.07718 0.00280 0.00092 ( 1)
 107 L   0.42141 0.49015 0.06992 0.01852 ( 2)
 108 V   0.00000 0.93611 0.00000 0.06389 ( 2)
 109 N   0.00015 0.95839 0.00002 0.04144 ( 2)
 110 -   0.53593 0.42714 0.02055 0.01638 ( 1)
 111 E   0.00827 0.85361 0.04415 0.09398 ( 2)
 112 D   0.02597 0.90952 0.01296 0.05155 ( 2)
 113 E   0.26515 0.72157 0.00140 0.01187 ( 2)
 114 W   0.99866 0.00108 0.00027 0.00000 ( 1)
 115 R   0.14554 0.83796 0.00451 0.01199 ( 2)
 116 G   0.99523 0.00108 0.00365 0.00003 ( 1)
 117 K   0.43740 0.55128 0.00252 0.00880 ( 2)
 118 V   0.93362 0.02056 0.04542 0.00041 ( 1)
 119 S   0.00031 0.96901 0.00010 0.03058 ( 2)
 120 Y   0.94981 0.04894 0.00101 0.00025 ( 1)
 121 Q   0.00004 0.96522 0.00000 0.03474 ( 2)
 122 D   0.93591 0.02269 0.04085 0.00055 ( 1)
 123 Y   0.00000 0.97975 0.00000 0.02025 ( 2)
 124 E   0.01847 0.94033 0.00212 0.03908 ( 2)
 125 I   0.00160 0.96661 0.00003 0.03175 ( 2)
 126 E   0.20759 0.77053 0.00341 0.01846 ( 2)
 127 I   0.02213 0.92915 0.00497 0.04375 ( 2)
 128 L   0.00387 0.90375 0.01456 0.07782 ( 2)
 129 D   0.18139 0.79921 0.00590 0.01350 ( 2)
 130 A   0.41119 0.57042 0.00334 0.01505 ( 2)
 131 S   0.98962 0.00961 0.00075 0.00003 ( 1)
 132 E   0.02404 0.96296 0.00009 0.01290 ( 2)
 133 V   0.98852 0.00911 0.00230 0.00007 ( 1)
 134 E   0.84082 0.15022 0.00623 0.00273 ( 1)
 135 K   0.00018 0.97488 0.00000 0.02493 ( 2)
 136 E   0.29117 0.67789 0.01619 0.01475 ( 2)
 137 I   0.87304 0.11955 0.00506 0.00235 ( 1)
 138 N   0.22377 0.60119 0.15437 0.02067 ( 2)
 139 K   0.04032 0.93925 0.00044 0.02000 ( 2)
 140 A   0.93065 0.06687 0.00190 0.00058 ( 1)
 141 Q   0.97720 0.01997 0.00266 0.00016 ( 1)
 142 N   0.25389 0.72842 0.00714 0.01055 ( 2)
 143 T   0.00003 0.97289 0.00000 0.02709 ( 2)
 144 I   0.68015 0.18207 0.13029 0.00749 ( 1)
 145 A   0.98709 0.01074 0.00209 0.00008 ( 1)
 146 G   0.99550 0.00080 0.00368 0.00002 ( 1)
 147 E   0.05724 0.81417 0.09467 0.03391 ( 2)
 148 G   0.22014 0.55538 0.20478 0.01970 ( 2)
 149 M   0.00001 0.88581 0.00004 0.11415 ( 2)
 150 G   0.01030 0.94824 0.00299 0.03848 ( 2)
 151 I   0.97680 0.01919 0.00378 0.00022 ( 1)
 152 S   0.99785 0.00106 0.00108 0.00001 ( 1)
 153 H   0.00458 0.91243 0.00855 0.07443 ( 2)
 154 E   0.29609 0.69056 0.00164 0.01171 ( 2)
 155 L   0.98718 0.00943 0.00329 0.00010 ( 1)
 156 I   0.98173 0.01551 0.00263 0.00013 ( 1)
 157 T   0.10827 0.60172 0.25815 0.03186 ( 2)
 158 L   0.94099 0.05324 0.00509 0.00068 ( 1)
 159 E   0.85338 0.13961 0.00470 0.00232 ( 1)
 160 I   0.70830 0.26416 0.02408 0.00347 ( 1)
 161 S   0.72612 0.20492 0.06276 0.00620 ( 1)
 162 S   0.99629 0.00246 0.00124 0.00002 ( 1)
 163 R   0.96604 0.03254 0.00118 0.00023 ( 1)
 164 D   0.05192 0.92967 0.00144 0.01697 ( 2)
 165 V   0.99735 0.00095 0.00169 0.00001 ( 1)
 166 P   0.99762 0.00143 0.00094 0.00001 ( 1)
 167 D   0.99338 0.00349 0.00308 0.00005 ( 1)
 168 L   0.88944 0.10681 0.00307 0.00068 ( 1)
 169 T   0.99508 0.00110 0.00379 0.00003 ( 1)
 170 L   0.97021 0.02568 0.00383 0.00028 ( 1)
 171 I   0.98999 0.00580 0.00413 0.00008 ( 1)
 172 D   0.99264 0.00376 0.00354 0.00006 ( 1)
 173 L   0.99287 0.00550 0.00159 0.00004 ( 1)
 174 P   0.99503 0.00391 0.00103 0.00002 ( 1)
 175 G   0.99611 0.00107 0.00280 0.00002 ( 1)
 176 I   0.97955 0.01643 0.00383 0.00019 ( 1)
 177 T   0.95240 0.02002 0.02730 0.00028 ( 1)
 178 R   0.99733 0.00084 0.00182 0.00001 ( 1)
 179 V   0.86472 0.13174 0.00244 0.00109 ( 1)
 180 A   0.98675 0.01013 0.00300 0.00012 ( 1)
 181 V   0.80669 0.18643 0.00513 0.00175 ( 1)
 182 G   0.96024 0.02730 0.01164 0.00083 ( 1)
 183 N   0.98546 0.01266 0.00174 0.00014 ( 1)
 184 Q   0.97592 0.02141 0.00251 0.00016 ( 1)
 185 P   0.99527 0.00273 0.00197 0.00003 ( 1)
 186 P   0.00000 0.92553 0.00001 0.07445 ( 2)
 187 D   0.99354 0.00387 0.00255 0.00005 ( 1)
 188 I   0.81570 0.17848 0.00358 0.00224 ( 1)
 189 G   0.76089 0.23365 0.00175 0.00372 ( 1)
 190 Y   0.00005 0.94072 0.00001 0.05922 ( 2)
 191 K   0.22669 0.76586 0.00072 0.00673 ( 2)
 192 I   0.80094 0.19515 0.00231 0.00159 ( 1)
 193 K   0.98640 0.00880 0.00466 0.00015 ( 1)
 194 T   0.00041 0.97619 0.00000 0.02340 ( 2)
 195 L   0.98831 0.00637 0.00520 0.00012 ( 1)
 196 I   0.77713 0.21550 0.00426 0.00312 ( 1)
 197 R   0.00325 0.97680 0.00007 0.01989 ( 2)
 198 K   0.38418 0.60493 0.00157 0.00932 ( 2)
 199 Y   0.31398 0.65533 0.00596 0.02473 ( 2)
 200 I   0.97590 0.01986 0.00400 0.00024 ( 1)
 201 Q   0.00000 0.93569 0.00001 0.06429 ( 2)
 202 R   0.00228 0.96026 0.00067 0.03679 ( 2)
 203 Q   0.73510 0.14630 0.11297 0.00563 ( 1)
 204 E   0.98307 0.01308 0.00370 0.00015 ( 1)
 205 T   0.99628 0.00132 0.00238 0.00002 ( 1)
 206 I   0.97436 0.02265 0.00281 0.00018 ( 1)
 207 N   0.93983 0.05580 0.00319 0.00119 ( 1)
 208 L   0.63685 0.35721 0.00263 0.00330 ( 1)
 209 V   0.98973 0.00742 0.00276 0.00009 ( 1)
 210 V   0.98177 0.01609 0.00204 0.00010 ( 1)
 211 V   0.99386 0.00147 0.00464 0.00003 ( 1)
 212 P   0.99631 0.00128 0.00240 0.00002 ( 1)
 213 S   0.02756 0.96044 0.00035 0.01164 ( 2)
 214 N   0.99766 0.00043 0.00190 0.00001 ( 1)
 215 V   0.97835 0.01953 0.00200 0.00012 ( 1)
 216 D   0.99264 0.00376 0.00354 0.00006 ( 1)
 217 I   0.98280 0.01476 0.00233 0.00011 ( 1)
 218 A   0.99152 0.00443 0.00396 0.00009 ( 1)
 219 T   0.99486 0.00150 0.00361 0.00003 ( 1)
 220 T   0.99656 0.00197 0.00145 0.00002 ( 1)
 221 E   0.98139 0.01360 0.00480 0.00020 ( 1)
 222 A   0.99764 0.00037 0.00198 0.00001 ( 1)
 223 L   0.89243 0.10383 0.00308 0.00066 ( 1)
 224 S   0.00258 0.96114 0.00167 0.03461 ( 2)
 225 M   0.99896 0.00012 0.00092 0.00000 ( 1)
 226 A   0.98670 0.01132 0.00191 0.00007 ( 1)
 227 Q   0.98046 0.01604 0.00333 0.00018 ( 1)
 228 E   0.86190 0.13330 0.00325 0.00156 ( 1)
 229 V   0.97835 0.01953 0.00200 0.00012 ( 1)
 230 D   0.99354 0.00387 0.00255 0.00005 ( 1)
 231 P   0.99671 0.00190 0.00137 0.00001 ( 1)
 232 E   0.00031 0.97574 0.00003 0.02392 ( 2)
 233 G   0.99732 0.00105 0.00162 0.00001 ( 1)
 234 D   0.88314 0.05156 0.06399 0.00131 ( 1)
 235 R   0.99817 0.00036 0.00146 0.00000 ( 1)
 236 T   0.99513 0.00135 0.00349 0.00003 ( 1)
 237 I   0.79510 0.04985 0.15270 0.00235 ( 1)
 238 G   0.99723 0.00089 0.00187 0.00001 ( 1)
 239 I   0.24126 0.75106 0.00091 0.00677 ( 2)
 240 L   0.96080 0.02510 0.01350 0.00059 ( 1)
 241 T   0.99649 0.00131 0.00219 0.00002 ( 1)
 242 K   0.98640 0.00880 0.00466 0.00015 ( 1)
 243 P   0.99622 0.00244 0.00132 0.00002 ( 1)
 244 D   0.99463 0.00315 0.00219 0.00003 ( 1)
 245 L   0.90627 0.08982 0.00330 0.00062 ( 1)
 246 V   0.97835 0.01953 0.00200 0.00012 ( 1)
 247 D   0.95854 0.03807 0.00294 0.00045 ( 1)
 248 K   0.00289 0.97715 0.00005 0.01990 ( 2)
 249 G   0.99696 0.00098 0.00204 0.00001 ( 1)
 250 T   0.98830 0.01026 0.00134 0.00010 ( 1)
 251 E   0.98393 0.01254 0.00339 0.00014 ( 1)
 252 D   0.09133 0.87579 0.00736 0.02552 ( 2)
 253 K   0.04505 0.86798 0.01407 0.07290 ( 2)
 254 V   0.68146 0.30871 0.00488 0.00495 ( 1)
 255 V   0.02684 0.92607 0.00469 0.04239 ( 2)
 256 D   0.09623 0.86143 0.01496 0.02738 ( 2)
 257 V   0.77641 0.14552 0.07494 0.00314 ( 1)
 258 V   0.00823 0.97690 0.00004 0.01483 ( 2)
 259 R   0.67049 0.30363 0.02180 0.00408 ( 1)
 260 N   0.99774 0.00016 0.00210 0.00000 ( 1)
 261 L   0.03526 0.15825 0.77445 0.03204 ( 3)
 262 V   0.99386 0.00272 0.00336 0.00005 ( 1)
 263 F   0.00360 0.96507 0.00064 0.03069 ( 2)
 264 H   0.82308 0.13602 0.03790 0.00300 ( 1)
 265 L   0.94550 0.04648 0.00708 0.00095 ( 1)
 266 K   0.89124 0.05709 0.05032 0.00135 ( 1)
 267 K   0.98640 0.00880 0.00466 0.00015 ( 1)
 268 G   0.99710 0.00121 0.00167 0.00001 ( 1)
 269 Y   0.99492 0.00401 0.00105 0.00002 ( 1)
 270 M   0.99896 0.00012 0.00092 0.00000 ( 1)
 271 I   0.78955 0.19727 0.00964 0.00354 ( 1)
 272 V   0.99281 0.00208 0.00506 0.00005 ( 1)
 273 K   0.98678 0.00964 0.00347 0.00012 ( 1)
 274 C   0.99826 0.00087 0.00087 0.00001 ( 1)
 275 R   0.78091 0.20739 0.00535 0.00635 ( 1)
 276 G   0.99698 0.00095 0.00205 0.00001 ( 1)
 277 Q   0.98046 0.01604 0.00333 0.00018 ( 1)
 278 Q   0.17923 0.79999 0.00874 0.01204 ( 2)
 279 E   0.63538 0.35921 0.00149 0.00393 ( 1)
 280 I   0.74943 0.24521 0.00295 0.00241 ( 1)
 281 Q   0.00612 0.96572 0.00046 0.02770 ( 2)
 282 D   0.02532 0.95173 0.00103 0.02191 ( 2)
 283 Q   0.03333 0.92483 0.00541 0.03643 ( 2)
 284 L   0.06459 0.92879 0.00023 0.00638 ( 2)
 285 S   0.66260 0.27769 0.05217 0.00754 ( 1)
 286 L   0.53465 0.45629 0.00340 0.00566 ( 1)
 287 S   0.00708 0.97609 0.00003 0.01680 ( 2)
 288 E   0.00665 0.51672 0.33146 0.14517 ( 2)
 289 A   0.99099 0.00634 0.00260 0.00007 ( 1)
 290 L   0.10748 0.82103 0.03009 0.04141 ( 2)
 291 Q   0.75542 0.23522 0.00613 0.00323 ( 1)
 292 R   0.03794 0.92573 0.00485 0.03149 ( 2)
 293 E   0.98308 0.01307 0.00370 0.00015 ( 1)
 294 K   0.00652 0.96383 0.00058 0.02907 ( 2)
 295 I   0.00001 0.86986 0.00002 0.13011 ( 2)
 296 F   0.99444 0.00421 0.00133 0.00003 ( 1)
 297 F   0.98982 0.00843 0.00170 0.00006 ( 1)
 298 E   0.31542 0.67434 0.00161 0.00863 ( 2)
 299 D   0.00134 0.95080 0.00174 0.04611 ( 2)
 300 H   0.99834 0.00064 0.00102 0.00001 ( 1)
 301 P   0.00057 0.94791 0.00124 0.05028 ( 2)
 302 H   0.00125 0.98355 0.00001 0.01518 ( 2)
 303 F   0.99444 0.00421 0.00133 0.00003 ( 1)
 304 R   0.88500 0.08816 0.02516 0.00168 ( 1)
 305 D   0.00093 0.97750 0.00007 0.02150 ( 2)
 306 L   0.99217 0.00621 0.00158 0.00004 ( 1)
 307 L   0.90154 0.09465 0.00320 0.00062 ( 1)
 308 E   0.84511 0.07944 0.07301 0.00243 ( 1)
 309 E   0.23709 0.74285 0.00372 0.01634 ( 2)
 310 G   0.31911 0.07105 0.60647 0.00336 ( 3)
 311 K   0.37562 0.61541 0.00133 0.00764 ( 2)
 312 A   0.99005 0.00686 0.00302 0.00008 ( 1)
 313 T   0.99524 0.00106 0.00367 0.00003 ( 1)
 314 I   0.07381 0.90531 0.00362 0.01726 ( 2)
 315 P   0.99690 0.00126 0.00182 0.00001 ( 1)
 316 C   0.07309 0.88214 0.02491 0.01986 ( 2)
 317 L   0.89748 0.09873 0.00315 0.00064 ( 1)
 318 A   0.99673 0.00199 0.00127 0.00001 ( 1)
 319 E   0.00234 0.95528 0.00060 0.04177 ( 2)
 320 K   0.38062 0.60122 0.00559 0.01256 ( 2)
 321 L   0.95808 0.03461 0.00662 0.00069 ( 1)
 322 T   0.99493 0.00143 0.00361 0.00003 ( 1)
 323 S   0.00000 0.97799 0.00000 0.02201 ( 2)
 324 E   0.98110 0.01342 0.00527 0.00022 ( 1)
 325 L   0.99271 0.00447 0.00278 0.00005 ( 1)
 326 I   0.24868 0.65973 0.06201 0.02959 ( 2)
 327 A   0.00202 0.97542 0.00010 0.02246 ( 2)
 328 H   0.99155 0.00646 0.00191 0.00009 ( 1)
 329 I   0.97638 0.01939 0.00399 0.00024 ( 1)
 330 C   0.21574 0.10584 0.67308 0.00534 ( 3)
 331 K   0.99167 0.00536 0.00291 0.00006 ( 1)
 332 S   0.74449 0.22070 0.03039 0.00442 ( 1)
 333 L   0.92440 0.07086 0.00407 0.00067 ( 1)
 334 P   0.99629 0.00171 0.00197 0.00002 ( 1)
 335 L   0.00220 0.93878 0.00457 0.05446 ( 2)
 336 L   0.88535 0.05701 0.05637 0.00126 ( 1)
 337 E   0.98134 0.01303 0.00542 0.00022 ( 1)
 338 N   0.10679 0.87130 0.00115 0.02076 ( 2)
 339 Q   0.99140 0.00674 0.00181 0.00005 ( 1)
 340 I   0.97716 0.02095 0.00170 0.00019 ( 1)
 341 K   0.00662 0.94479 0.00222 0.04637 ( 2)
 342 E   0.00166 0.98285 0.00001 0.01548 ( 2)
 343 S   0.00001 0.90586 0.00004 0.09410 ( 2)
 344 H   0.59429 0.04067 0.36196 0.00309 ( 1)
 345 Q   0.83249 0.16287 0.00283 0.00181 ( 1)
 346 G   0.00001 0.98017 0.00000 0.01982 ( 2)
 347 I   0.02578 0.95500 0.00088 0.01834 ( 2)
 348 T   0.00269 0.95260 0.00082 0.04389 ( 2)
 349 E   0.32352 0.63589 0.02655 0.01403 ( 2)
 350 E   0.98097 0.01340 0.00541 0.00022 ( 1)
 351 L   0.98332 0.01250 0.00403 0.00015 ( 1)
 352 Q   0.98697 0.01063 0.00231 0.00010 ( 1)
 353 K   0.98678 0.00992 0.00319 0.00011 ( 1)
 354 Y   0.99482 0.00393 0.00122 0.00002 ( 1)
 355 G   0.70417 0.21175 0.07659 0.00749 ( 1)
 356 V   0.00000 0.95554 0.00000 0.04445 ( 2)
 357 D   0.68150 0.28430 0.02923 0.00497 ( 1)
 358 I   0.09457 0.89089 0.00243 0.01211 ( 2)
 359 P   0.97154 0.02466 0.00334 0.00047 ( 1)
 360 E   0.05460 0.83645 0.07648 0.03248 ( 2)
 361 D   0.00945 0.89446 0.03153 0.06455 ( 2)
 362 E   0.17636 0.80846 0.00146 0.01372 ( 2)
 363 N   0.00025 0.96920 0.00001 0.03054 ( 2)
 364 E   0.00275 0.97764 0.00003 0.01959 ( 2)
 365 K   0.93177 0.06207 0.00517 0.00098 ( 1)
 366 M   0.44338 0.54655 0.00158 0.00849 ( 2)
 367 F   0.00432 0.95524 0.00116 0.03927 ( 2)
 368 F   0.47159 0.52315 0.00098 0.00429 ( 2)
 369 L   0.94421 0.04765 0.00717 0.00098 ( 1)
 370 I   0.00804 0.97727 0.00009 0.01460 ( 2)
 371 D   0.06939 0.91757 0.00033 0.01272 ( 2)
 372 K   0.05671 0.10950 0.81370 0.02009 ( 3)
 373 I   0.15952 0.83157 0.00055 0.00835 ( 2)
 374 N   0.12125 0.84326 0.00899 0.02650 ( 2)
 375 A   0.00330 0.94755 0.00012 0.04903 ( 2)
 376 F   0.98812 0.01042 0.00141 0.00005 ( 1)
 377 N   0.99668 0.00184 0.00147 0.00002 ( 1)
 378 Q   0.00002 0.98289 0.00000 0.01709 ( 2)
 379 D   0.60714 0.38648 0.00157 0.00481 ( 1)
 380 I   0.68960 0.30142 0.00565 0.00333 ( 1)
 381 T   0.00002 0.97051 0.00000 0.02947 ( 2)
 382 A   0.00000 0.88862 0.00000 0.11138 ( 2)
 383 L   0.00019 0.97476 0.00002 0.02503 ( 2)
 384 I   0.25057 0.74207 0.00048 0.00689 ( 2)
 385 Q   0.00714 0.94325 0.00167 0.04794 ( 2)
 386 G   0.97948 0.01811 0.00219 0.00022 ( 1)
 387 E   0.24893 0.73815 0.00178 0.01114 ( 2)
 388 E   0.98385 0.01261 0.00340 0.00014 ( 1)
 389 T   0.00000 0.97162 0.00000 0.02838 ( 2)
 390 V   0.06879 0.89488 0.00979 0.02654 ( 2)
 391 G   0.00023 0.91815 0.00019 0.08143 ( 2)
 392 E   0.00656 0.97201 0.00024 0.02120 ( 2)
 393 D   0.00105 0.97483 0.00006 0.02407 ( 2)
 394 D   0.01819 0.96076 0.00047 0.02058 ( 2)
 395 S   0.00795 0.96252 0.00098 0.02855 ( 2)
 396 R   0.98866 0.00308 0.00815 0.00011 ( 1)
 397 L   0.92151 0.07198 0.00560 0.00091 ( 1)
 398 F   0.98720 0.01146 0.00130 0.00005 ( 1)
 399 T   0.77469 0.17655 0.04342 0.00534 ( 1)
 400 R   0.93253 0.06398 0.00276 0.00074 ( 1)
 401 L   0.00248 0.98110 0.00001 0.01641 ( 2)
 402 R   0.99675 0.00108 0.00215 0.00002 ( 1)
 403 R   0.00011 0.96899 0.00001 0.03089 ( 2)
 404 E   0.98135 0.01365 0.00480 0.00020 ( 1)
 405 F   0.99053 0.00761 0.00181 0.00005 ( 1)
 406 H   0.00011 0.97312 0.00001 0.02676 ( 2)
 407 K   0.05069 0.92980 0.00024 0.01926 ( 2)
 408 W   0.99866 0.00108 0.00027 0.00000 ( 1)
 409 G   0.01785 0.94515 0.00213 0.03488 ( 2)
 410 I   0.00010 0.93253 0.00001 0.06736 ( 2)
 411 I   0.00000 0.96887 0.00000 0.03113 ( 2)
 412 I   0.41285 0.52555 0.04705 0.01455 ( 2)
 413 E   0.05911 0.25950 0.64393 0.03747 ( 3)
 414 N   0.26548 0.71824 0.00339 0.01289 ( 2)
 415 N   0.01980 0.96848 0.00006 0.01166 ( 2)
 416 L   0.05214 0.91284 0.00590 0.02912 ( 2)
 417 Q   0.00028 0.89657 0.00230 0.10084 ( 2)
 418 E   0.08565 0.90019 0.00035 0.01380 ( 2)
 419 -   0.53593 0.42714 0.02055 0.01638 ( 1)
 420 -   0.53593 0.42714 0.02055 0.01638 ( 1)
 421 G   0.79010 0.14919 0.05713 0.00357 ( 1)
 422 H   0.00009 0.93489 0.00017 0.06484 ( 2)
 423 K   0.00001 0.97910 0.00000 0.02089 ( 2)
 424 I   0.00003 0.96167 0.00002 0.03828 ( 2)
 425 T   0.00020 0.99042 0.00000 0.00938 ( 2)
 426 S   0.00000 0.98006 0.00000 0.01994 ( 2)
 427 R   0.47341 0.51375 0.00287 0.00998 ( 2)
 428 K   0.01669 0.96168 0.00034 0.02129 ( 2)
 429 M   0.46063 0.53189 0.00057 0.00691 ( 2)
 430 Q   0.00000 0.96138 0.00000 0.03862 ( 2)
 431 K   0.03668 0.95207 0.00011 0.01114 ( 2)
 432 F   0.83225 0.11958 0.04651 0.00166 ( 1)
 433 E   0.98410 0.01237 0.00339 0.00013 ( 1)
 434 N   0.68766 0.26779 0.03740 0.00715 ( 1)
 435 Q   0.02882 0.96332 0.00008 0.00778 ( 2)
 436 Y   0.99467 0.00385 0.00145 0.00003 ( 1)
 437 R   0.99911 0.00024 0.00065 0.00000 ( 1)
 438 G   0.99536 0.00112 0.00349 0.00002 ( 1)
 439 R   0.99337 0.00277 0.00381 0.00005 ( 1)
 440 E   0.85939 0.13568 0.00331 0.00162 ( 1)
 441 L   0.64553 0.26145 0.08357 0.00945 ( 1)
 442 P   0.99664 0.00248 0.00087 0.00001 ( 1)
 443 G   0.98028 0.01464 0.00472 0.00036 ( 1)
 444 F   0.98700 0.01112 0.00180 0.00007 ( 1)
 445 V   0.69446 0.17046 0.12826 0.00682 ( 1)
 446 N   0.79212 0.20077 0.00312 0.00398 ( 1)
 447 Y   0.99497 0.00402 0.00099 0.00002 ( 1)
 448 R   0.13328 0.84351 0.00595 0.01726 ( 2)
 449 T   0.97193 0.02557 0.00222 0.00028 ( 1)
 450 F   0.98676 0.01194 0.00125 0.00005 ( 1)
 451 E   0.98258 0.01339 0.00386 0.00016 ( 1)
 452 T   0.00093 0.96581 0.00016 0.03310 ( 2)
 453 I   0.97774 0.01848 0.00357 0.00021 ( 1)
 454 V   0.96118 0.03672 0.00172 0.00039 ( 1)
 455 K   0.99109 0.00584 0.00300 0.00007 ( 1)
 456 Q   0.04270 0.93591 0.00285 0.01855 ( 2)
 457 Q   0.41917 0.57557 0.00078 0.00449 ( 2)
 458 I   0.32395 0.66531 0.00309 0.00766 ( 2)
 459 K   0.00002 0.94744 0.00001 0.05253 ( 2)
 460 A   0.00064 0.96175 0.00012 0.03749 ( 2)
 461 L   0.91276 0.08275 0.00379 0.00071 ( 1)
 462 E   0.98134 0.01303 0.00542 0.00022 ( 1)
 463 E   0.98278 0.01327 0.00379 0.00016 ( 1)
 464 P   0.97401 0.02474 0.00109 0.00016 ( 1)
 465 A   0.98559 0.01260 0.00174 0.00008 ( 1)
 466 V   0.24189 0.72467 0.00469 0.02875 ( 2)
 467 N   0.00836 0.90656 0.00580 0.07927 ( 2)
 468 M   0.99335 0.00387 0.00273 0.00005 ( 1)
 469 L   0.90895 0.08726 0.00322 0.00057 ( 1)
 470 H   0.88463 0.07648 0.03704 0.00186 ( 1)
 471 T   0.23019 0.71489 0.03011 0.02480 ( 2)
 472 V   0.83470 0.16185 0.00215 0.00129 ( 1)
 473 T   0.92045 0.02046 0.05860 0.00050 ( 1)
 474 D   0.00003 0.95915 0.00001 0.04081 ( 2)
 475 M   0.45745 0.53260 0.00138 0.00856 ( 2)
 476 V   0.98703 0.01048 0.00232 0.00017 ( 1)
 477 R   0.00270 0.95492 0.00106 0.04132 ( 2)
 478 L   0.00000 0.86923 0.00000 0.13077 ( 2)
 479 A   0.03703 0.66229 0.23550 0.06519 ( 2)
 480 F   0.99185 0.00591 0.00219 0.00005 ( 1)
 481 T   0.00004 0.93398 0.00012 0.06587 ( 2)
 482 D   0.00251 0.97097 0.00006 0.02646 ( 2)
 483 V   0.20368 0.74815 0.02198 0.02618 ( 2)
 484 S   0.05768 0.89268 0.00904 0.04059 ( 2)
 485 M   0.00000 0.94707 0.00000 0.05293 ( 2)
 486 K   0.00797 0.97257 0.00006 0.01941 ( 2)
 487 N   0.02655 0.95318 0.00135 0.01892 ( 2)
 488 F   0.98640 0.01230 0.00124 0.00005 ( 1)
 489 E   0.00083 0.98103 0.00005 0.01809 ( 2)
 490 E   0.49244 0.44877 0.04613 0.01266 ( 1)
 491 L   0.86840 0.12994 0.00109 0.00057 ( 1)
 492 F   0.00810 0.80992 0.03892 0.14306 ( 2)
 493 N   0.99774 0.00016 0.00210 0.00000 ( 1)
 494 L   0.97680 0.01034 0.01263 0.00023 ( 1)
 495 H   0.03454 0.93157 0.00233 0.03156 ( 2)
 496 R   0.02204 0.96581 0.00007 0.01207 ( 2)
 497 T   0.96086 0.01559 0.02338 0.00017 ( 1)
 498 A   0.51359 0.47962 0.00151 0.00528 ( 1)
