Supplemental results for CODEML (seqf: ../../../Mx_aln.phy  treef: ../../../Mx_branch_bird.tree)

I	J	ij	2Ns_IJ	pMut_IJ	pSub_IJ	2Ns_JI	pMut_JI	pSub_JI

TTC	TTT	CT	0.74696	0.03275	0.04649	-0.74696	0.06912	0.04649
TTA	TTT	AT	1.95179	0.00292	0.00664	-1.95179	0.02054	0.00664
TTA	TTC	AC	1.20484	0.00676	0.01163	-1.20484	0.02255	0.01163
TTG	TTT	GT	0.87676	0.00710	0.01065	-0.87676	0.01705	0.01065
TTG	TTC	GC	0.12981	0.01644	0.01753	-0.12981	0.01872	0.01753
TTG	TTA	GA	-1.07503	0.03955	0.02203	1.07503	0.01350	0.02203
TCT	TTT	CT	1.57168	0.01436	0.02848	-1.57168	0.06912	0.02848
TCC	TTC	CT	1.23886	0.02198	0.03834	-1.23886	0.07588	0.03834
TCC	TCT	CT	0.41413	0.02198	0.02685	-0.41413	0.03326	0.02685
TCA	TTA	CT	0.46215	0.01211	0.01513	-0.46215	0.01923	0.01513
TCA	TCT	AT	0.84226	0.00426	0.00630	-0.84226	0.00988	0.00630
TCA	TCC	AC	0.42813	0.00986	0.01213	-0.42813	0.01513	0.01213
TCG	TTG	CT	1.93883	0.00673	0.01524	-1.93883	0.04677	0.01524
TCG	TCT	GT	1.24391	0.00237	0.00413	-1.24391	0.00821	0.00413
TCG	TCC	GC	0.82978	0.00548	0.00806	-0.82978	0.01256	0.00806
TCG	TCA	GA	0.40165	0.01318	0.01601	-0.40165	0.01970	0.01601
TAT	TTT	AT	1.32861	0.00544	0.00983	-1.32861	0.02054	0.00983
TAT	TCT	AC	-0.24308	0.01260	0.01113	0.24308	0.00988	0.01113
TAC	TTC	AT	0.90238	0.00915	0.01388	-0.90238	0.02255	0.01388
TAC	TCC	AC	-0.33648	0.02119	0.01782	0.33648	0.01513	0.01782
TAC	TAT	CT	0.32073	0.02602	0.03042	-0.32073	0.03586	0.03042
TGT	TTT	GT	1.82123	0.00276	0.00600	-1.82123	0.01705	0.00600
TGT	TCT	GC	0.24954	0.00639	0.00722	-0.24954	0.00821	0.00722
TGT	TAT	GA	0.49262	0.01538	0.01948	-0.49262	0.02517	0.01948
TGC	TTC	GT	1.20715	0.00560	0.00964	-1.20715	0.01872	0.00964
TGC	TCC	GC	-0.03170	0.01297	0.01276	0.03170	0.01256	0.01276
TGC	TAC	GA	0.30477	0.03120	0.03619	-0.30477	0.04231	0.03619
TGC	TGT	CT	0.13288	0.01593	0.01701	-0.13288	0.01819	0.01701
TGG	TTG	GT	1.22484	0.00339	0.00588	-1.22484	0.01154	0.00588
TGG	TCG	GC	-0.71399	0.00785	0.00538	0.71399	0.00385	0.00538
TGG	TGT	GT	0.28037	0.00339	0.00389	-0.28037	0.00449	0.00389
TGG	TGC	GC	0.14749	0.00785	0.00845	-0.14749	0.00910	0.00845
CTT	TTT	CT	1.16622	0.02153	0.03648	-1.16622	0.06912	0.03648
CTC	TTC	CT	1.01164	0.02759	0.04386	-1.01164	0.07588	0.04386
CTC	CTT	CT	0.59238	0.02759	0.03657	-0.59238	0.04989	0.03657
CTA	TTA	CT	0.55931	0.01099	0.01435	-0.55931	0.01923	0.01435
CTA	CTT	AT	1.34489	0.00386	0.00703	-1.34489	0.01483	0.00703
CTA	CTC	AC	0.75251	0.00895	0.01274	-0.75251	0.01900	0.01274
CTG	TTG	CT	-0.68584	0.09287	0.06463	0.68584	0.04677	0.06463
CTG	CTT	GT	-0.97529	0.03264	0.01927	0.97529	0.01231	0.01927
CTG	CTC	GC	-1.56767	0.07562	0.03123	1.56767	0.01577	0.03123
CTG	CTA	GA	-2.32018	0.18191	0.04599	2.32018	0.01787	0.04599
CCT	TCT	CT	0.49929	0.02019	0.02565	-0.49929	0.03326	0.02565
CCT	CTT	CT	0.90475	0.02019	0.03068	-0.90475	0.04989	0.03068
CCC	TCC	CT	1.05574	0.01772	0.02869	-1.05574	0.05093	0.02869
CCC	CTC	CT	1.28295	0.01772	0.03146	-1.28295	0.06392	0.03146
CCC	CCT	CT	0.97058	0.01772	0.02769	-0.97058	0.04677	0.02769
CCA	TCA	CT	0.56652	0.01593	0.02086	-0.56652	0.02806	0.02086
CCA	CTA	CT	0.46936	0.01593	0.01996	-0.46936	0.02547	0.01996
CCA	CCT	AT	0.90949	0.00560	0.00852	-0.90949	0.01390	0.00852
CCA	CCC	AC	-0.06108	0.01297	0.01258	0.06108	0.01220	0.01258
CCG	TCG	CT	1.15037	0.00493	0.00831	-1.15037	0.01559	0.00831
CCG	CTG	CT	3.77504	0.00493	0.01907	-3.77504	0.21516	0.01907
CCG	CCT	GT	1.89499	0.00173	0.00387	-1.89499	0.01154	0.00387
CCG	CCC	GC	0.92441	0.00402	0.00616	-0.92441	0.01013	0.00616
CCG	CCA	GA	0.98550	0.00967	0.01520	-0.98550	0.02590	0.01520
CAT	TAT	CT	1.06699	0.01234	0.02007	-1.06699	0.03586	0.02007
CAT	CTT	AT	1.22938	0.00434	0.00753	-1.22938	0.01483	0.00753
CAT	CCT	AC	0.32462	0.01005	0.01176	-0.32462	0.01390	0.01176
CAC	TAC	CT	0.79802	0.02714	0.03940	-0.79802	0.06029	0.03940
CAC	CTC	AT	0.68876	0.00954	0.01320	-0.68876	0.01900	0.01320
CAC	CCC	AC	-0.59420	0.02210	0.01618	0.59420	0.01220	0.01618
CAC	CAT	CT	0.05176	0.02714	0.02785	-0.05176	0.02858	0.02785
CAA	CTA	AT	-0.26413	0.00985	0.00861	0.26413	0.00757	0.00861
CAA	CCA	AC	-0.73349	0.02283	0.01547	0.73349	0.01096	0.01547
CAA	CAT	AT	-0.14862	0.00985	0.00914	0.14862	0.00849	0.00914
CAA	CAC	AC	-0.20038	0.02283	0.02062	0.20038	0.01869	0.02062
CAG	CTG	AT	0.81213	0.02838	0.04145	-0.81213	0.06394	0.04145
CAG	CCG	AC	-2.96291	0.06576	0.01062	2.96291	0.00340	0.01062
CAG	CAT	GT	-1.39255	0.02838	0.01307	1.39255	0.00705	0.01307
CAG	CAC	GC	-1.44430	0.06576	0.02932	1.44430	0.01551	0.02932
CAG	CAA	GA	-1.24393	0.15819	0.07969	1.24393	0.04560	0.07969
CGT	TGT	CT	1.30452	0.00493	0.00883	-1.30452	0.01819	0.00883
CGT	CTT	GT	1.95953	0.00173	0.00396	-1.95953	0.01231	0.00396
CGT	CCT	GC	1.05478	0.00402	0.00650	-1.05478	0.01154	0.00650
CGT	CAT	GA	0.73015	0.00967	0.01362	-0.73015	0.02006	0.01362
CGC	TGC	CT	1.23169	0.01077	0.01873	-1.23169	0.03690	0.01873
CGC	CTC	GT	1.42721	0.00378	0.00711	-1.42721	0.01577	0.00711
CGC	CCC	GC	0.14426	0.00877	0.00942	-0.14426	0.01013	0.00942
CGC	CAC	GA	0.73845	0.02109	0.02983	-0.73845	0.04414	0.02983
CGC	CGT	CT	0.06006	0.01077	0.01109	-0.06006	0.01143	0.01109
CGA	CTA	GT	0.88154	0.00260	0.00391	-0.88154	0.00628	0.00391
CGA	CCA	GC	0.41218	0.00603	0.00736	-0.41218	0.00910	0.00736
CGA	CAA	GA	1.14567	0.01450	0.02436	-1.14567	0.04560	0.02436
CGA	CGT	AT	0.26690	0.00260	0.00296	-0.26690	0.00340	0.00296
CGA	CGC	AC	0.20684	0.00603	0.00667	-0.20684	0.00741	0.00667
CGG	TGG	CT	-0.08072	0.02423	0.02326	0.08072	0.02235	0.02326
CGG	CTG	GT	1.82996	0.00851	0.01856	-1.82996	0.05308	0.01856
CGG	CCG	GC	-1.94508	0.01973	0.00640	1.94508	0.00282	0.00640
CGG	CAG	GA	1.01783	0.04746	0.07563	-1.01783	0.13132	0.07563
CGG	CGT	GT	-1.10486	0.00851	0.00466	1.10486	0.00282	0.00466
CGG	CGC	GC	-1.16492	0.01973	0.01042	1.16492	0.00615	0.01042
CGG	CGA	GA	-1.37176	0.04746	0.02212	1.37176	0.01204	0.02212
ATT	TTT	AT	0.44472	0.01317	0.01631	-0.44472	0.02054	0.01631
ATT	CTT	AC	-0.72150	0.03050	0.02081	0.72150	0.01483	0.02081
ATC	TTC	AT	-0.16114	0.02649	0.02441	0.16114	0.02255	0.02441
ATC	CTC	AC	-1.17278	0.06137	0.03226	1.17278	0.01900	0.03226
ATC	ATT	CT	0.14110	0.07537	0.08081	-0.14110	0.08679	0.08081
ATA	TTA	AT	-0.40807	0.00859	0.00696	0.40807	0.00571	0.00696
ATA	CTA	AC	-0.96738	0.01991	0.01181	0.96738	0.00757	0.01181
ATA	ATT	AT	1.09901	0.00859	0.01416	-1.09901	0.02579	0.01416
ATA	ATC	AC	0.95791	0.01991	0.03095	-0.95791	0.05189	0.03095
ATG	TTG	AT	0.27433	0.01056	0.01208	-0.27433	0.01390	0.01208
ATG	CTG	AC	0.96017	0.02448	0.03808	-0.96017	0.06394	0.03808
ATG	ATT	GT	0.70638	0.01056	0.01473	-0.70638	0.02141	0.01473
ATG	ATC	GC	0.56528	0.02448	0.03204	-0.56528	0.04308	0.03204
ATG	ATA	GA	-0.39263	0.05888	0.04808	0.39263	0.03976	0.04808
ACT	TCT	AT	0.46180	0.00623	0.00778	-0.46180	0.00988	0.00778
ACT	CCT	AC	-0.03749	0.01443	0.01416	0.03749	0.01390	0.01416
ACT	ATT	CT	1.58876	0.01772	0.03538	-1.58876	0.08679	0.03538
ACC	TCC	AT	0.34468	0.01072	0.01268	-0.34468	0.01513	0.01268
ACC	CCC	AC	-0.71106	0.02484	0.01705	0.71106	0.01220	0.01705
ACC	ATC	CT	1.74467	0.03051	0.06449	-1.74467	0.17462	0.06449
ACC	ACT	CT	0.29701	0.03051	0.03526	-0.29701	0.04106	0.03526
ACA	TCA	AT	-0.03000	0.00859	0.00847	0.03000	0.00834	0.00847
ACA	CCA	AC	-0.59652	0.01991	0.01456	0.59652	0.01096	0.01456
ACA	ATA	CT	0.84022	0.02445	0.03614	-0.84022	0.05665	0.03614
ACA	ACT	AT	0.35046	0.00859	0.01019	-0.35046	0.01220	0.01019
ACA	ACC	AC	0.05345	0.01991	0.02045	-0.05345	0.02100	0.02045
ACG	TCG	AT	0.20236	0.00378	0.00418	-0.20236	0.00463	0.00418
ACG	CCG	AC	-0.94801	0.00877	0.00526	0.94801	0.00340	0.00526
ACG	ATG	CT	1.86685	0.01077	0.02378	-1.86685	0.06964	0.02378
ACG	ACT	GT	0.98447	0.00378	0.00595	-0.98447	0.01013	0.00595
ACG	ACC	GC	0.68746	0.00877	0.01212	-0.68746	0.01744	0.01212
ACG	ACA	GA	0.63401	0.02109	0.02848	-0.63401	0.03976	0.02848
AAT	TAT	AT	-0.19340	0.01293	0.01172	0.19340	0.01066	0.01172
AAT	CAT	AC	-1.26039	0.02996	0.01494	1.26039	0.00849	0.01494
AAT	ATT	AT	0.69049	0.01293	0.01790	-0.69049	0.02579	0.01790
AAT	ACT	AC	-0.89827	0.02996	0.01849	0.89827	0.01220	0.01849
AAC	TAC	AT	0.64683	0.00938	0.01274	-0.64683	0.01791	0.01274
AAC	CAC	AC	-0.15119	0.02174	0.02013	0.15119	0.01869	0.02013
AAC	ATC	AT	1.71035	0.00938	0.01959	-1.71035	0.05189	0.01959
AAC	ACC	AC	-0.03432	0.02174	0.02137	0.03432	0.02100	0.02137
AAC	AAT	CT	1.16096	0.02669	0.04512	-1.16096	0.08523	0.04512
AAA	CAA	AC	-0.92679	0.04877	0.02961	0.92679	0.01930	0.02961
AAA	ATA	AT	-0.22354	0.02105	0.01878	0.22354	0.01683	0.01878
AAA	ACA	AC	-1.06375	0.04877	0.02734	1.06375	0.01683	0.02734
AAA	AAT	AT	0.18498	0.02105	0.02306	-0.18498	0.02533	0.02306
AAA	AAC	AC	-0.97598	0.04877	0.02878	0.97598	0.01838	0.02878
AAG	CAG	AC	-0.19795	0.06777	0.06128	0.19795	0.05560	0.06128
AAG	ATG	AT	-0.34600	0.02925	0.02448	0.34600	0.02069	0.02448
AAG	ACG	AC	-2.21285	0.06777	0.01842	2.21285	0.00741	0.01842
AAG	AAT	GT	-0.33011	0.02925	0.02469	0.33011	0.02103	0.02469
AAG	AAC	GC	-1.49107	0.06777	0.02936	1.49107	0.01526	0.02936
AAG	AAA	GA	-0.51509	0.16302	0.12462	0.51509	0.09740	0.12462
AGT	TGT	AT	-0.23820	0.00686	0.00607	0.23820	0.00541	0.00607
AGT	CGT	AC	-1.54272	0.01589	0.00667	1.54272	0.00340	0.00667
AGT	ATT	GT	1.13831	0.00686	0.01149	-1.13831	0.02141	0.01149
AGT	ACT	GC	-0.45045	0.01589	0.01258	0.45045	0.01013	0.01258
AGT	AAT	GA	0.44782	0.03823	0.04742	-0.44782	0.05982	0.04742
AGC	TGC	AT	-0.09539	0.01206	0.01150	0.09539	0.01096	0.01150
AGC	CGC	AC	-1.32709	0.02795	0.01339	1.32709	0.00741	0.01339
AGC	ATC	GT	1.27290	0.01206	0.02133	-1.27290	0.04308	0.02133
AGC	ACC	GC	-0.47177	0.02795	0.02187	0.47177	0.01744	0.02187
AGC	AAC	GA	-0.43745	0.06723	0.05359	0.43745	0.04341	0.05359
AGC	AGT	CT	0.27569	0.03432	0.03927	-0.27569	0.04521	0.03927
AGA	CGA	AC	-1.56918	0.02448	0.01010	1.56918	0.00510	0.01010
AGA	ATA	GT	0.27973	0.01056	0.01211	-0.27973	0.01397	0.01211
AGA	ACA	GC	-0.56048	0.02448	0.01825	0.56048	0.01397	0.01825
AGA	AAA	GA	0.50327	0.05888	0.07493	-0.50327	0.09740	0.07493
AGA	AGT	AT	0.24043	0.01056	0.01189	-0.24043	0.01344	0.01189
AGA	AGC	AC	-0.03525	0.02448	0.02405	0.03525	0.02363	0.02405
AGG	TGG	AT	0.01472	0.00654	0.00659	-0.01472	0.00664	0.00659
AGG	CGG	AC	0.09544	0.01516	0.01590	-0.09544	0.01668	0.01590
AGG	ATG	GT	0.96522	0.00654	0.01020	-0.96522	0.01718	0.01020
AGG	ACG	GC	-0.90163	0.01516	0.00934	0.90163	0.00615	0.00934
AGG	AAG	GA	1.31122	0.03647	0.06546	-1.31122	0.13533	0.06546
AGG	AGT	GT	0.53329	0.00654	0.00844	-0.53329	0.01115	0.00844
AGG	AGC	GC	0.25761	0.01516	0.01720	-0.25761	0.01962	0.01720
AGG	AGA	GA	0.29286	0.03647	0.04207	-0.29286	0.04888	0.04207
GTT	TTT	GT	1.26570	0.00481	0.00848	-1.26570	0.01705	0.00848
GTT	CTT	GC	0.09948	0.01114	0.01171	-0.09948	0.01231	0.01171
GTT	ATT	GA	0.82098	0.02680	0.03930	-0.82098	0.06092	0.03930
GTC	TTC	GT	0.63355	0.00993	0.01341	-0.63355	0.01872	0.01341
GTC	CTC	GC	-0.37809	0.02302	0.01894	0.37809	0.01577	0.01894
GTC	ATC	GA	0.79469	0.05537	0.08025	-0.79469	0.12256	0.08025
GTC	GTT	CT	0.11481	0.02826	0.02992	-0.11481	0.03170	0.02992
GTA	TTA	GT	0.33594	0.00339	0.00399	-0.33594	0.00474	0.00399
GTA	CTA	GC	-0.22337	0.00785	0.00701	0.22337	0.00628	0.00701
GTA	ATA	GA	0.74401	0.01889	0.02679	-0.74401	0.03976	0.02679
GTA	GTT	AT	1.02204	0.00339	0.00541	-1.02204	0.00942	0.00541
GTA	GTC	AC	0.90723	0.00785	0.01195	-0.90723	0.01946	0.01195
GTG	TTG	GT	-0.52739	0.01955	0.01485	0.52739	0.01154	0.01485
GTG	CTG	GC	0.15845	0.04530	0.04898	-0.15845	0.05308	0.04898
GTG	ATG	GA	-0.80173	0.10897	0.07106	0.80173	0.04888	0.07106
GTG	GTT	GT	-0.91633	0.01955	0.01194	0.91633	0.00782	0.01194
GTG	GTC	GC	-1.03114	0.04530	0.02589	1.03114	0.01615	0.02589
GTG	GTA	GA	-1.93837	0.10897	0.03552	1.93837	0.01569	0.03552
GCT	TCT	GT	-0.39832	0.01222	0.00995	0.39832	0.00821	0.00995
GCT	CCT	GC	-0.89761	0.02831	0.01748	0.89761	0.01154	0.01748
GCT	ACT	GA	-0.86012	0.06811	0.04297	0.86012	0.02882	0.04297
GCT	GTT	CT	-0.09234	0.03477	0.03319	0.09234	0.03170	0.03319
GCC	TCC	GT	-0.09929	0.01388	0.01320	0.09929	0.01256	0.01320
GCC	CCC	GC	-1.15503	0.03215	0.01708	1.15503	0.01013	0.01708
GCC	ACC	GA	-0.44397	0.07734	0.06143	0.44397	0.04961	0.06143
GCC	GTC	CT	0.50601	0.03948	0.05031	-0.50601	0.06548	0.05031
GCC	GCT	CT	0.71316	0.03948	0.05522	-0.71316	0.08056	0.05522
GCA	TCA	GT	-0.07867	0.00749	0.00720	0.07867	0.00692	0.00720
GCA	CCA	GC	-0.64519	0.01735	0.01235	0.64519	0.00910	0.01235
GCA	ACA	GA	-0.04867	0.04174	0.04074	0.04867	0.03976	0.04074
GCA	GTA	CT	0.04754	0.02131	0.02182	-0.04754	0.02235	0.02182
GCA	GCT	AT	1.16191	0.00749	0.01267	-1.16191	0.02394	0.01267
GCA	GCC	AC	0.44875	0.01735	0.02154	-0.44875	0.02718	0.02154
GCG	TCG	GT	0.79638	0.00173	0.00252	-0.79638	0.00385	0.00252
GCG	CCG	GC	-0.35399	0.00402	0.00335	0.35399	0.00282	0.00335
GCG	ACG	GA	0.59402	0.00967	0.01282	-0.59402	0.01751	0.01282
GCG	GTG	CT	3.26260	0.00493	0.01674	-3.26260	0.12889	0.01674
GCG	GCT	GT	2.43861	0.00173	0.00463	-2.43861	0.01987	0.00463
GCG	GCC	GC	1.72545	0.00402	0.00844	-1.72545	0.02256	0.00844
GCG	GCA	GA	1.27670	0.00967	0.01712	-1.27670	0.03465	0.01712
GAT	TAT	GT	-0.39166	0.01309	0.01069	0.39166	0.00885	0.01069
GAT	CAT	GC	-1.45865	0.03032	0.01340	1.45865	0.00705	0.01340
GAT	AAT	GA	-0.19826	0.07294	0.06595	0.19826	0.05982	0.06595
GAT	GTT	AT	-0.32875	0.01309	0.01105	0.32875	0.00942	0.01105
GAT	GCT	AC	-0.23642	0.03032	0.02688	0.23642	0.02394	0.02688
GAC	TAC	GT	-0.39497	0.02207	0.01800	0.39497	0.01487	0.01800
GAC	CAC	GC	-1.19299	0.05114	0.02656	1.19299	0.01551	0.02656
GAC	AAC	GA	-1.04180	0.12303	0.06988	1.04180	0.04341	0.06988
GAC	GTC	AT	-0.12614	0.02207	0.02071	0.12614	0.01946	0.02071
GAC	GCC	AC	-0.63216	0.05114	0.03667	0.63216	0.02718	0.03667
GAC	GAT	CT	0.31741	0.06281	0.07330	-0.31741	0.08627	0.07330
GAA	CAA	GC	-1.33081	0.06064	0.02899	1.33081	0.01603	0.02899
GAA	AAA	GA	-0.40402	0.14588	0.11839	0.40402	0.09740	0.11839
GAA	GTA	AT	-1.37157	0.02617	0.01220	1.37157	0.00664	0.01220
GAA	GCA	AC	-1.41911	0.06064	0.02746	1.41911	0.01467	0.02746
GAA	GAT	AT	-0.02078	0.02617	0.02590	0.02078	0.02564	0.02590
GAA	GAC	AC	-0.33820	0.06064	0.05097	0.33820	0.04324	0.05097
GAG	CAG	GC	-0.52701	0.07818	0.05938	0.52701	0.04615	0.05938
GAG	AAG	GA	-0.32906	0.18807	0.15882	0.32906	0.13533	0.15882
GAG	GTG	AT	0.12667	0.03374	0.03593	-0.12667	0.03830	0.03593
GAG	GCG	AC	-3.13593	0.07818	0.01114	3.13593	0.00340	0.01114
GAG	GAT	GT	-0.46091	0.03374	0.02656	0.46091	0.02128	0.02656
GAG	GAC	GC	-0.77832	0.07818	0.05166	0.77832	0.03590	0.05166
GAG	GAA	GA	-0.44013	0.18807	0.14971	0.44013	0.12111	0.14971
GGT	TGT	GT	-0.03596	0.00465	0.00457	0.03596	0.00449	0.00457
GGT	CGT	GC	-1.34049	0.01078	0.00512	1.34049	0.00282	0.00512
GGT	AGT	GA	0.20223	0.02592	0.02863	-0.20223	0.03174	0.02863
GGT	GTT	GT	0.51956	0.00465	0.00596	-0.51956	0.00782	0.00596
GGT	GCT	GC	0.61190	0.01078	0.01441	-0.61190	0.01987	0.01441
GGT	GAT	GA	0.84831	0.02592	0.03846	-0.84831	0.06055	0.03846
GGC	TGC	GT	-0.06328	0.00970	0.00939	0.06328	0.00910	0.00939
GGC	CGC	GC	-1.29497	0.02247	0.01098	1.29497	0.00615	0.01098
GGC	AGC	GA	0.03212	0.05405	0.05492	-0.03212	0.05581	0.05492
GGC	GTC	GT	0.51032	0.00970	0.01238	-0.51032	0.01615	0.01238
GGC	GCC	GC	0.00431	0.02247	0.02252	-0.00431	0.02256	0.02252
GGC	GAC	GA	0.63647	0.05405	0.07306	-0.63647	0.10214	0.07306
GGC	GGT	CT	0.10557	0.02759	0.02907	-0.10557	0.03066	0.02907
GGA	CGA	GC	-1.37927	0.01680	0.00780	1.37927	0.00423	0.00780
GGA	AGA	GA	0.18991	0.04043	0.04439	-0.18991	0.04888	0.04439
GGA	GTA	GT	-0.27436	0.00725	0.00630	0.27436	0.00551	0.00630
GGA	GCA	GC	-0.32190	0.01680	0.01424	0.32190	0.01218	0.01424
GGA	GAA	GA	1.09721	0.04043	0.06658	-1.09721	0.12111	0.06658
GGA	GGT	AT	0.22811	0.00725	0.00811	-0.22811	0.00911	0.00811
GGA	GGC	AC	0.12254	0.01680	0.01786	-0.12254	0.01900	0.01786
GGG	TGG	GT	-0.31692	0.00757	0.00643	0.31692	0.00551	0.00643
GGG	CGG	GC	-0.23621	0.01754	0.01555	0.23621	0.01385	0.01555
GGG	AGG	GA	-0.33165	0.04218	0.03557	0.33165	0.03028	0.03557
GGG	GTG	GT	1.43531	0.00757	0.01426	-1.43531	0.03179	0.01426
GGG	GCG	GC	-1.82730	0.01754	0.00614	1.82730	0.00282	0.00614
GGG	GAG	GA	1.30864	0.04218	0.07564	-1.30864	0.15612	0.07564
GGG	GGT	GT	-0.00059	0.00757	0.00757	0.00059	0.00756	0.00757
GGG	GGC	GC	-0.10615	0.01754	0.01662	0.10615	0.01577	0.01662
GGG	GGA	GA	-0.22870	0.04218	0.03754	0.22870	0.03356	0.03754


Histograms
2Ns	FMut	FSub(CodonUsage)	FSubw(after w)

-3.59528	0.01442	0.00148
-3.23575	0.01388	0.00217
-2.87622	0.00441	0.00083
-2.51669	0.00133	0.00036
-2.15717	0.01673	0.00501
-1.79764	0.04196	0.01702
-1.43811	0.08834	0.04721
-1.07858	0.13566	0.08767
-0.71906	0.12158	0.09581
-0.35953	0.18389	0.17636
0.00000	0.11394	0.13213
0.35953	0.12722	0.17636
0.71906	0.05864	0.09581
1.07858	0.04635	0.08767
1.43811	0.02199	0.04721
1.79764	0.00673	0.01702
2.15717	0.00169	0.00501
2.51669	0.00012	0.00036
2.87622	0.00023	0.00083
3.23575	0.00056	0.00217
3.59528	0.00033	0.00148

Proportion of advantageous (S > 0) mutations:
 0.31829

Proportions of good & bad mutations (|S| > 2.0000) among mutations:
0.00293  0.05076

mean |Ns| = 0.85737	mean Ns+ = 0.60836	mean Ns- = -0.97363


MLEs of dN/dS (w) for site classes (K=4)

site class             0        1       2a       2b
proportion       0.37286  0.26748  0.20943  0.15023
background w     0.05303  1.00000  0.05303  1.00000
foreground w     0.05303  1.00000  1.00000  1.00000

Naive Empirical Bayes (NEB) probabilities for 4 classes
(amino acids refer to 1st sequence: Rhesus_macaque_Mx)

   1 I   0.00077 0.63144 0.01313 0.35466 ( 2)
   2 V   0.00000 0.64034 0.00000 0.35966 ( 2)
   3 K   0.12543 0.54141 0.02906 0.30410 ( 2)
   4 A   0.00000 0.64032 0.00003 0.35965 ( 2)
   5 D   0.00785 0.63417 0.00179 0.35619 ( 2)
   6 P   0.00004 0.63021 0.01578 0.35397 ( 2)
   7 A   0.00001 0.63988 0.00072 0.35940 ( 2)
   8 A   0.00002 0.63999 0.00052 0.35946 ( 2)
   9 A   0.00123 0.62418 0.02401 0.35058 ( 2)
  10 S   0.00000 0.64034 0.00000 0.35966 ( 2)
  11 Q   0.03994 0.61190 0.00447 0.34369 ( 2)
  12 P   0.02398 0.54208 0.12947 0.30447 ( 2)
  13 L   0.00115 0.63938 0.00034 0.35912 ( 2)
  14 L   0.00371 0.63518 0.00435 0.35676 ( 2)
  15 L   0.08927 0.49719 0.13429 0.27925 ( 2)
  16 N   0.00156 0.63466 0.00732 0.35647 ( 2)
  17 G   0.00190 0.62087 0.02851 0.34872 ( 2)
  18 D   0.00000 0.64033 0.00001 0.35966 ( 2)
  19 A   0.00001 0.64033 0.00001 0.35965 ( 2)
  20 D   0.00009 0.63927 0.00158 0.35906 ( 2)
  21 V   0.00000 0.64033 0.00002 0.35965 ( 2)
  22 A   0.00061 0.63492 0.00785 0.35661 ( 2)
  23 Q   0.54358 0.21339 0.12318 0.11986 ( 1)
  24 K   0.06264 0.58564 0.02279 0.32893 ( 2)
  25 S   0.00000 0.64034 0.00000 0.35966 ( 2)
  26 P   0.00000 0.64006 0.00043 0.35950 ( 2)
  27 G   0.00002 0.63975 0.00090 0.35933 ( 2)
  28 S   0.00007 0.63446 0.00910 0.35636 ( 2)
  29 V   0.00020 0.64006 0.00024 0.35950 ( 2)
  30 A   0.00004 0.64030 0.00003 0.35963 ( 2)
  31 E   0.00030 0.63922 0.00145 0.35903 ( 2)
  32 N   0.00002 0.63647 0.00602 0.35749 ( 2)
  33 N   0.05441 0.05892 0.85357 0.03310 ( 3)
  34 L   0.74644 0.03916 0.19240 0.02200 ( 1)
  35 C   0.02731 0.27253 0.54709 0.15307 ( 3)
  36 S   0.50147 0.12409 0.30474 0.06970 ( 1)
  37 Q   0.64049 0.13183 0.15363 0.07405 ( 1)
  38 Y   0.84563 0.00191 0.15139 0.00107 ( 1)
  39 E   0.18119 0.03271 0.76774 0.01837 ( 3)
  40 E   0.01088 0.04717 0.91545 0.02650 ( 3)
  41 K   0.81573 0.00523 0.17611 0.00294 ( 1)
  42 V   0.31024 0.08231 0.56122 0.04623 ( 3)
  43 R   0.22223 0.00504 0.76990 0.00283 ( 3)
  44 P   0.84695 0.00070 0.15196 0.00039 ( 1)
  45 C   0.88217 0.00046 0.11712 0.00026 ( 1)
  46 I   0.79735 0.00945 0.18789 0.00531 ( 1)
  47 D   0.85570 0.00196 0.14124 0.00110 ( 1)
  48 L   0.84162 0.00231 0.15477 0.00130 ( 1)
  49 I   0.18569 0.04783 0.73961 0.02687 ( 3)
  50 D   0.84758 0.00196 0.14936 0.00110 ( 1)
  51 S   0.02325 0.56328 0.09709 0.31638 ( 2)
  52 L   0.66143 0.05705 0.24947 0.03205 ( 1)
  53 R   0.86539 0.00160 0.13211 0.00090 ( 1)
  54 A   0.00776 0.29033 0.53884 0.16307 ( 3)
  55 L   0.79719 0.03115 0.15416 0.01749 ( 1)
  56 G   0.22161 0.00333 0.77318 0.00187 ( 3)
  57 V   0.38647 0.08482 0.48108 0.04764 ( 3)
  58 E   0.18371 0.03414 0.76298 0.01917 ( 3)
  59 Q   0.04200 0.17372 0.68670 0.09758 ( 3)
  60 D   0.84758 0.00196 0.14936 0.00110 ( 1)
  61 L   0.65682 0.06109 0.24777 0.03431 ( 1)
  62 A   0.00150 0.06382 0.89883 0.03585 ( 3)
  63 L   0.73966 0.04477 0.19042 0.02514 ( 1)
  64 P   0.84687 0.00053 0.15230 0.00030 ( 1)
  65 A   0.85767 0.00230 0.13875 0.00129 ( 1)
  66 I   0.78225 0.01189 0.19918 0.00668 ( 1)
  67 A   0.85617 0.00323 0.13878 0.00181 ( 1)
  68 V   0.80005 0.00084 0.19864 0.00047 ( 1)
  69 I   0.79585 0.01044 0.18785 0.00586 ( 1)
  70 G   0.88257 0.00040 0.11681 0.00023 ( 1)
  71 D   0.84758 0.00196 0.14936 0.00110 ( 1)
  72 Q   0.15896 0.04999 0.76296 0.02808 ( 3)
  73 S   0.28264 0.00442 0.71046 0.00248 ( 3)
  74 S   0.86898 0.00195 0.12798 0.00109 ( 1)
  75 G   0.89056 0.00048 0.10869 0.00027 ( 1)
  76 K   0.83563 0.00485 0.15680 0.00272 ( 1)
  77 S   0.87111 0.00076 0.12770 0.00043 ( 1)
  78 S   0.86353 0.00088 0.13509 0.00050 ( 1)
  79 V   0.19610 0.05293 0.72125 0.02973 ( 3)
  80 L   0.80063 0.02874 0.15449 0.01614 ( 1)
  81 E   0.80610 0.00724 0.18259 0.00407 ( 1)
  82 A   0.82754 0.00218 0.16905 0.00123 ( 1)
  83 L   0.68296 0.05622 0.22925 0.03157 ( 1)
  84 S   0.86978 0.00169 0.12759 0.00095 ( 1)
  85 G   0.89403 0.00046 0.10525 0.00026 ( 1)
  86 V   0.90730 0.00044 0.09201 0.00025 ( 1)
  87 A   0.15012 0.02517 0.81056 0.01414 ( 3)
  88 L   0.83877 0.00255 0.15724 0.00143 ( 1)
  89 P   0.84695 0.00070 0.15196 0.00039 ( 1)
  90 R   0.90719 0.00059 0.09188 0.00033 ( 1)
  91 G   0.25347 0.00481 0.73902 0.00270 ( 3)
  92 S   0.06446 0.01640 0.90992 0.00921 ( 3)
  93 G   0.89420 0.00033 0.10528 0.00019 ( 1)
  94 I   0.17007 0.03706 0.77206 0.02081 ( 3)
  95 V   0.28337 0.00334 0.71142 0.00188 ( 3)
  96 T   0.89507 0.00066 0.10389 0.00037 ( 1)
  97 R   0.87510 0.00110 0.12318 0.00062 ( 1)
  98 C   0.89208 0.00034 0.10739 0.00019 ( 1)
  99 P   0.86309 0.00121 0.13503 0.00068 ( 1)
 100 L   0.68344 0.03767 0.25773 0.02116 ( 1)
 101 V   0.40489 0.12666 0.39731 0.07114 ( 1)
 102 L   0.79593 0.03211 0.15392 0.01804 ( 1)
 103 K   0.77443 0.05212 0.14418 0.02927 ( 1)
 104 L   0.68188 0.03940 0.25660 0.02213 ( 1)
 105 K   0.73597 0.08057 0.13820 0.04525 ( 1)
 106 K   0.75335 0.06811 0.14029 0.03825 ( 1)
 107 L   0.05250 0.12261 0.75603 0.06886 ( 3)
 108 V   0.00000 0.64034 0.00000 0.35966 ( 2)
 109 N   0.00001 0.64024 0.00015 0.35960 ( 2)
 110 -   0.37286 0.26748 0.20943 0.15023 ( 1)
 111 E   0.00110 0.58510 0.08516 0.32863 ( 2)
 112 D   0.00578 0.63032 0.00987 0.35403 ( 2)
 113 E   0.10684 0.55639 0.02426 0.31251 ( 2)
 114 W   0.87448 0.00052 0.12470 0.00029 ( 1)
 115 R   0.03815 0.59228 0.03691 0.33266 ( 2)
 116 G   0.89050 0.00055 0.10865 0.00031 ( 1)
 117 K   0.01170 0.02730 0.94567 0.01533 ( 3)
 118 V   0.50261 0.00986 0.48199 0.00554 ( 1)
 119 S   0.00002 0.63984 0.00075 0.35938 ( 2)
 120 Y   0.79122 0.04164 0.14375 0.02339 ( 1)
 121 Q   0.00000 0.64034 0.00000 0.35966 ( 2)
 122 D   0.59939 0.01432 0.37826 0.00804 ( 1)
 123 Y   0.00000 0.64034 0.00000 0.35966 ( 2)
 124 E   0.00108 0.13118 0.79407 0.07368 ( 3)
 125 I   0.00020 0.63974 0.00074 0.35932 ( 2)
 126 E   0.00827 0.05774 0.90156 0.03243 ( 3)
 127 I   0.00473 0.63392 0.00529 0.35605 ( 2)
 128 L   0.00054 0.63828 0.00268 0.35850 ( 2)
 129 D   0.02859 0.34378 0.43455 0.19309 ( 3)
 130 A   0.18889 0.49824 0.03302 0.27985 ( 2)
 131 S   0.81077 0.00520 0.18111 0.00292 ( 1)
 132 E   0.00479 0.63657 0.00110 0.35754 ( 2)
 133 V   0.79123 0.00461 0.20157 0.00259 ( 1)
 134 E   0.16972 0.03488 0.77581 0.01959 ( 3)
 135 K   0.00001 0.64029 0.00006 0.35963 ( 2)
 136 E   0.11314 0.51532 0.08211 0.28944 ( 2)
 137 I   0.71399 0.11426 0.10758 0.06418 ( 1)
 138 N   0.06436 0.43865 0.25061 0.24638 ( 2)
 139 K   0.00859 0.61163 0.03625 0.34353 ( 2)
 140 A   0.76270 0.05825 0.14634 0.03272 ( 1)
 141 Q   0.79115 0.01103 0.19163 0.00619 ( 1)
 142 N   0.07594 0.54850 0.06749 0.30807 ( 2)
 143 T   0.00000 0.64034 0.00000 0.35966 ( 2)
 144 I   0.42340 0.12770 0.37717 0.07173 ( 1)
 145 A   0.80384 0.00569 0.18728 0.00320 ( 1)
 146 G   0.88798 0.00038 0.11142 0.00022 ( 1)
 147 E   0.01324 0.59348 0.05994 0.33334 ( 2)
 148 G   0.01019 0.06339 0.89082 0.03560 ( 3)
 149 M   0.00000 0.64034 0.00000 0.35966 ( 2)
 150 G   0.00145 0.61472 0.03857 0.34527 ( 2)
 151 I   0.79532 0.01080 0.18782 0.00606 ( 1)
 152 S   0.88260 0.00051 0.11661 0.00029 ( 1)
 153 H   0.00059 0.63949 0.00074 0.35918 ( 2)
 154 E   0.12354 0.54326 0.02806 0.30513 ( 2)
 155 L   0.81887 0.00529 0.17287 0.00297 ( 1)
 156 I   0.79877 0.00856 0.18787 0.00481 ( 1)
 157 T   0.03340 0.50357 0.18018 0.28284 ( 2)
 158 L   0.77794 0.03447 0.16823 0.01936 ( 1)
 159 E   0.66289 0.11954 0.15043 0.06714 ( 1)
 160 I   0.34159 0.19268 0.35751 0.10822 ( 3)
 161 S   0.06167 0.02899 0.89305 0.01628 ( 3)
 162 S   0.86080 0.00129 0.13717 0.00073 ( 1)
 163 R   0.82117 0.02819 0.13480 0.01584 ( 1)
 164 D   0.00758 0.52904 0.16623 0.29715 ( 2)
 165 V   0.88680 0.00047 0.11246 0.00027 ( 1)
 166 P   0.85909 0.00069 0.13983 0.00039 ( 1)
 167 D   0.84766 0.00177 0.14958 0.00099 ( 1)
 168 L   0.65682 0.06109 0.24777 0.03431 ( 1)
 169 T   0.86427 0.00053 0.13489 0.00030 ( 1)
 170 L   0.80331 0.01588 0.17190 0.00892 ( 1)
 171 I   0.80590 0.00284 0.18967 0.00159 ( 1)
 172 D   0.85570 0.00196 0.14124 0.00110 ( 1)
 173 L   0.83819 0.00304 0.15706 0.00171 ( 1)
 174 P   0.84367 0.00209 0.15307 0.00117 ( 1)
 175 G   0.88249 0.00052 0.11670 0.00029 ( 1)
 176 I   0.79754 0.00907 0.18830 0.00509 ( 1)
 177 T   0.51358 0.01001 0.47079 0.00562 ( 1)
 178 R   0.86903 0.00038 0.13037 0.00022 ( 1)
 179 V   0.15395 0.02489 0.80717 0.01398 ( 3)
 180 A   0.83078 0.00572 0.16029 0.00321 ( 1)
 181 V   0.14898 0.03966 0.78909 0.02227 ( 3)
 182 G   0.24429 0.00646 0.74562 0.00363 ( 3)
 183 N   0.87731 0.01041 0.10644 0.00585 ( 1)
 184 Q   0.77854 0.01161 0.20332 0.00652 ( 1)
 185 P   0.85818 0.00143 0.13958 0.00081 ( 1)
 186 P   0.00000 0.64034 0.00000 0.35966 ( 2)
 187 D   0.84806 0.00198 0.14884 0.00111 ( 1)
 188 I   0.16007 0.03967 0.77798 0.02228 ( 3)
 189 G   0.51383 0.26936 0.06552 0.15129 ( 1)
 190 Y   0.00000 0.64030 0.00007 0.35963 ( 2)
 191 K   0.08834 0.56880 0.02338 0.31948 ( 2)
 192 I   0.59019 0.16301 0.15524 0.09156 ( 1)
 193 K   0.83563 0.00485 0.15680 0.00272 ( 1)
 194 T   0.00003 0.64023 0.00014 0.35960 ( 2)
 195 L   0.82208 0.00343 0.17256 0.00193 ( 1)
 196 I   0.15515 0.05065 0.76574 0.02845 ( 3)
 197 R   0.00039 0.63999 0.00016 0.35946 ( 2)
 198 K   0.17195 0.50961 0.03220 0.28623 ( 2)
 199 Y   0.00961 0.03140 0.94134 0.01764 ( 3)
 200 I   0.79467 0.01122 0.18781 0.00630 ( 1)
 201 Q   0.00000 0.64034 0.00000 0.35966 ( 2)
 202 R   0.00021 0.63630 0.00610 0.35739 ( 2)
 203 Q   0.42953 0.09804 0.41737 0.05506 ( 1)
 204 E   0.80508 0.00706 0.18390 0.00396 ( 1)
 205 T   0.86367 0.00065 0.13532 0.00036 ( 1)
 206 I   0.77634 0.01246 0.20420 0.00700 ( 1)
 207 N   0.20493 0.01546 0.77092 0.00868 ( 3)
 208 L   0.13061 0.08974 0.72924 0.05040 ( 3)
 209 V   0.89557 0.00475 0.09700 0.00267 ( 1)
 210 V   0.78560 0.00845 0.20120 0.00475 ( 1)
 211 V   0.84777 0.00068 0.15116 0.00038 ( 1)
 212 P   0.86011 0.00063 0.13891 0.00035 ( 1)
 213 S   0.00408 0.63703 0.00109 0.35780 ( 2)
 214 N   0.89545 0.00019 0.10424 0.00011 ( 1)
 215 V   0.78294 0.01051 0.20065 0.00590 ( 1)
 216 D   0.85570 0.00196 0.14124 0.00110 ( 1)
 217 I   0.79954 0.00808 0.18784 0.00454 ( 1)
 218 A   0.85744 0.00245 0.13873 0.00138 ( 1)
 219 T   0.86380 0.00074 0.13504 0.00042 ( 1)
 220 T   0.86249 0.00099 0.13595 0.00056 ( 1)
 221 E   0.80280 0.00730 0.18579 0.00410 ( 1)
 222 A   0.89850 0.00018 0.10123 0.00010 ( 1)
 223 L   0.65894 0.05922 0.24857 0.03326 ( 1)
 224 S   0.00025 0.63956 0.00097 0.35922 ( 2)
 225 M   0.92584 0.00005 0.07408 0.00003 ( 1)
 226 A   0.80324 0.00602 0.18736 0.00338 ( 1)
 227 Q   0.81923 0.00925 0.16632 0.00520 ( 1)
 228 E   0.66979 0.11347 0.15300 0.06373 ( 1)
 229 V   0.78294 0.01051 0.20065 0.00590 ( 1)
 230 D   0.84806 0.00199 0.14884 0.00112 ( 1)
 231 P   0.86197 0.00097 0.13651 0.00055 ( 1)
 232 E   0.00002 0.63998 0.00054 0.35946 ( 2)
 233 G   0.88210 0.00051 0.11710 0.00029 ( 1)
 234 D   0.45852 0.02614 0.50065 0.01468 ( 3)
 235 R   0.90935 0.00017 0.09037 0.00010 ( 1)
 236 T   0.87314 0.00068 0.12579 0.00038 ( 1)
 237 I   0.43101 0.02815 0.52504 0.01581 ( 3)
 238 G   0.89045 0.00044 0.10886 0.00025 ( 1)
 239 I   0.06432 0.41190 0.29242 0.23135 ( 2)
 240 L   0.81292 0.01472 0.16409 0.00827 ( 1)
 241 T   0.87598 0.00066 0.12298 0.00037 ( 1)
 242 K   0.83563 0.00485 0.15680 0.00272 ( 1)
 243 P   0.85217 0.00125 0.14587 0.00070 ( 1)
 244 D   0.85134 0.00158 0.14619 0.00089 ( 1)
 245 L   0.69590 0.05375 0.22017 0.03019 ( 1)
 246 V   0.78294 0.01051 0.20065 0.00590 ( 1)
 247 D   0.24976 0.01065 0.73361 0.00598 ( 3)
 248 K   0.00037 0.60765 0.05068 0.34130 ( 2)
 249 G   0.88234 0.00048 0.11691 0.00027 ( 1)
 250 T   0.88413 0.00891 0.10195 0.00501 ( 1)
 251 E   0.80710 0.00678 0.18231 0.00381 ( 1)
 252 D   0.02317 0.61020 0.02390 0.34273 ( 2)
 253 K   0.00235 0.12815 0.79751 0.07198 ( 3)
 254 V   0.17660 0.12043 0.63532 0.06764 ( 3)
 255 V   0.00498 0.53949 0.15252 0.30301 ( 2)
 256 D   0.00265 0.06549 0.89508 0.03678 ( 3)
 257 V   0.38647 0.08482 0.48108 0.04764 ( 3)
 258 V   0.00101 0.63810 0.00249 0.35840 ( 2)
 259 R   0.33879 0.24686 0.27569 0.13865 ( 1)
 260 N   0.90010 0.00007 0.09979 0.00004 ( 1)
 261 L   0.03959 0.34542 0.42097 0.19401 ( 3)
 262 V   0.88444 0.00149 0.11324 0.00084 ( 1)
 263 F   0.00049 0.63957 0.00071 0.35923 ( 2)
 264 H   0.45691 0.11862 0.35784 0.06663 ( 1)
 265 L   0.80006 0.03161 0.15057 0.01776 ( 1)
 266 K   0.50982 0.03469 0.43600 0.01949 ( 1)
 267 K   0.83563 0.00485 0.15680 0.00272 ( 1)
 268 G   0.88442 0.00060 0.11464 0.00034 ( 1)
 269 Y   0.84416 0.00207 0.15260 0.00117 ( 1)
 270 M   0.92584 0.00005 0.07408 0.00003 ( 1)
 271 I   0.14826 0.04319 0.78429 0.02426 ( 3)
 272 V   0.79997 0.00090 0.19862 0.00051 ( 1)
 273 K   0.82104 0.00518 0.17087 0.00291 ( 1)
 274 C   0.89149 0.00042 0.10785 0.00024 ( 1)
 275 R   0.02384 0.01102 0.95896 0.00619 ( 3)
 276 G   0.89151 0.00047 0.10775 0.00027 ( 1)
 277 Q   0.81923 0.00925 0.16632 0.00520 ( 1)
 278 Q   0.01404 0.11769 0.80216 0.06610 ( 3)
 279 E   0.37632 0.35690 0.06632 0.20046 ( 1)
 280 I   0.13985 0.05349 0.77661 0.03005 ( 3)
 281 Q   0.00062 0.53832 0.15870 0.30236 ( 2)
 282 D   0.00349 0.63699 0.00174 0.35778 ( 2)
 283 Q   0.00627 0.55305 0.13004 0.31063 ( 2)
 284 L   0.02026 0.62301 0.00680 0.34993 ( 2)
 285 S   0.04311 0.02889 0.91177 0.01623 ( 3)
 286 L   0.13295 0.15495 0.62507 0.08703 ( 3)
 287 S   0.00087 0.63792 0.00291 0.35830 ( 2)
 288 E   0.00226 0.63047 0.01315 0.35412 ( 2)
 289 A   0.84297 0.00349 0.15158 0.00196 ( 1)
 290 L   0.03623 0.58214 0.05465 0.32697 ( 2)
 291 Q   0.15049 0.05556 0.76275 0.03121 ( 3)
 292 R   0.00853 0.62807 0.01063 0.35277 ( 2)
 293 E   0.80509 0.00705 0.18390 0.00396 ( 1)
 294 K   0.00086 0.63937 0.00065 0.35912 ( 2)
 295 I   0.00000 0.64032 0.00003 0.35965 ( 2)
 296 F   0.84245 0.00222 0.15409 0.00125 ( 1)
 297 F   0.82126 0.00457 0.17161 0.00257 ( 1)
 298 E   0.13638 0.53167 0.03333 0.29862 ( 2)
 299 D   0.00011 0.63998 0.00045 0.35946 ( 2)
 300 H   0.89223 0.00031 0.10729 0.00017 ( 1)
 301 P   0.00005 0.64015 0.00025 0.35955 ( 2)
 302 H   0.00012 0.63448 0.00903 0.35637 ( 2)
 303 F   0.84245 0.00222 0.15409 0.00125 ( 1)
 304 R   0.55501 0.07864 0.32218 0.04417 ( 1)
 305 D   0.00007 0.63947 0.00129 0.35917 ( 2)
 306 L   0.83764 0.00346 0.15695 0.00195 ( 1)
 307 L   0.66604 0.05308 0.25107 0.02981 ( 1)
 308 E   0.49814 0.05121 0.42189 0.02876 ( 1)
 309 E   0.06510 0.36065 0.37168 0.20257 ( 3)
 310 G   0.12659 0.04244 0.80713 0.02384 ( 3)
 311 K   0.16626 0.51057 0.03640 0.28677 ( 2)
 312 A   0.80753 0.00348 0.18703 0.00196 ( 1)
 313 T   0.89510 0.00055 0.10403 0.00031 ( 1)
 314 I   0.01753 0.61760 0.01799 0.34688 ( 2)
 315 P   0.85626 0.00062 0.14277 0.00035 ( 1)
 316 C   0.01217 0.61046 0.03449 0.34288 ( 2)
 317 L   0.66295 0.05576 0.24997 0.03132 ( 1)
 318 A   0.86004 0.00099 0.13841 0.00056 ( 1)
 319 E   0.00027 0.57087 0.10823 0.32064 ( 2)
 320 K   0.17528 0.49368 0.05375 0.27729 ( 2)
 321 L   0.80994 0.02259 0.15478 0.01269 ( 1)
 322 T   0.86385 0.00071 0.13504 0.00040 ( 1)
 323 S   0.00000 0.64034 0.00000 0.35966 ( 2)
 324 E   0.80589 0.00727 0.18275 0.00408 ( 1)
 325 L   0.83888 0.00240 0.15737 0.00135 ( 1)
 326 I   0.10465 0.50809 0.10189 0.28538 ( 2)
 327 A   0.00018 0.63824 0.00311 0.35848 ( 2)
 328 H   0.34767 0.00218 0.64893 0.00122 ( 3)
 329 I   0.79505 0.01092 0.18789 0.00613 ( 1)
 330 C   0.10936 0.08071 0.76460 0.04533 ( 3)
 331 K   0.83939 0.00282 0.15620 0.00158 ( 1)
 332 S   0.44665 0.22792 0.19742 0.12801 ( 1)
 333 L   0.73966 0.04477 0.19042 0.02514 ( 1)
 334 P   0.84682 0.00084 0.15187 0.00047 ( 1)
 335 L   0.00025 0.62679 0.02092 0.35205 ( 2)
 336 L   0.51935 0.03672 0.42331 0.02062 ( 1)
 337 E   0.80461 0.00703 0.18442 0.00395 ( 1)
 338 N   0.01054 0.23494 0.62256 0.13196 ( 3)
 339 Q   0.82893 0.00358 0.16548 0.00201 ( 1)
 340 I   0.27022 0.00593 0.72052 0.00333 ( 3)
 341 K   0.00084 0.63123 0.01340 0.35454 ( 2)
 342 E   0.00020 0.63966 0.00087 0.35928 ( 2)
 343 S   0.00000 0.64033 0.00002 0.35965 ( 2)
 344 H   0.42845 0.02645 0.53025 0.01486 ( 3)
 345 Q   0.64327 0.14480 0.13060 0.08133 ( 1)
 346 G   0.00000 0.64034 0.00001 0.35966 ( 2)
 347 I   0.00543 0.60068 0.05652 0.33738 ( 2)
 348 T   0.00031 0.52372 0.18182 0.29415 ( 2)
 349 E   0.02925 0.10237 0.81087 0.05750 ( 3)
 350 E   0.80586 0.00725 0.18281 0.00407 ( 1)
 351 L   0.81770 0.00717 0.17110 0.00403 ( 1)
 352 Q   0.82508 0.00594 0.16564 0.00334 ( 1)
 353 K   0.81563 0.00530 0.17609 0.00298 ( 1)
 354 Y   0.84361 0.00202 0.15323 0.00114 ( 1)
 355 G   0.03906 0.01780 0.93314 0.01000 ( 3)
 356 V   0.00000 0.64034 0.00000 0.35966 ( 2)
 357 D   0.05254 0.03763 0.88870 0.02114 ( 3)
 358 I   0.02288 0.61388 0.01844 0.34480 ( 2)
 359 P   0.25853 0.00667 0.73106 0.00374 ( 3)
 360 E   0.00505 0.23559 0.62704 0.13232 ( 3)
 361 D   0.00132 0.56258 0.12012 0.31598 ( 2)
 362 E   0.03640 0.33077 0.44705 0.18578 ( 3)
 363 N   0.00002 0.64019 0.00022 0.35957 ( 2)
 364 E   0.00033 0.63917 0.00150 0.35900 ( 2)
 365 K   0.75063 0.04961 0.17190 0.02786 ( 1)
 366 M   0.01848 0.04966 0.90396 0.02789 ( 3)
 367 F   0.00044 0.49972 0.21915 0.28068 ( 2)
 368 F   0.23012 0.46573 0.04256 0.26158 ( 2)
 369 L   0.79664 0.03220 0.15307 0.01809 ( 1)
 370 I   0.00093 0.54939 0.14111 0.30857 ( 2)
 371 D   0.01415 0.57020 0.09539 0.32027 ( 2)
 372 K   0.07230 0.24634 0.54300 0.13836 ( 3)
 373 I   0.05853 0.59302 0.01538 0.33308 ( 2)
 374 N   0.03222 0.59857 0.03302 0.33620 ( 2)
 375 A   0.00045 0.61938 0.03229 0.34788 ( 2)
 376 F   0.80452 0.00555 0.18682 0.00312 ( 1)
 377 N   0.86554 0.00089 0.13307 0.00050 ( 1)
 378 Q   0.00000 0.64034 0.00000 0.35966 ( 2)
 379 D   0.34985 0.37761 0.06045 0.21209 ( 2)
 380 I   0.12703 0.06733 0.76783 0.03782 ( 3)
 381 T   0.00000 0.64034 0.00000 0.35966 ( 2)
 382 A   0.00000 0.64034 0.00000 0.35966 ( 2)
 383 L   0.00001 0.63553 0.00750 0.35696 ( 2)
 384 I   0.05883 0.50902 0.14625 0.28590 ( 2)
 385 Q   0.00084 0.53420 0.16492 0.30004 ( 2)
 386 G   0.85866 0.01519 0.11762 0.00853 ( 1)
 387 E   0.06687 0.39154 0.32167 0.21991 ( 2)
 388 E   0.80704 0.00682 0.18230 0.00383 ( 1)
 389 T   0.00000 0.64034 0.00000 0.35966 ( 2)
 390 V   0.01141 0.45209 0.28258 0.25392 ( 2)
 391 G   0.00002 0.64030 0.00004 0.35964 ( 2)
 392 E   0.00082 0.63952 0.00046 0.35920 ( 2)
 393 D   0.00009 0.64025 0.00006 0.35961 ( 2)
 394 D   0.00366 0.63702 0.00153 0.35779 ( 2)
 395 S   0.00118 0.63854 0.00164 0.35865 ( 2)
 396 R   0.86516 0.00161 0.13232 0.00091 ( 1)
 397 L   0.72479 0.04388 0.20669 0.02464 ( 1)
 398 F   0.80368 0.00614 0.18672 0.00345 ( 1)
 399 T   0.04448 0.01565 0.93108 0.00879 ( 3)
 400 R   0.77047 0.05507 0.14353 0.03093 ( 1)
 401 L   0.00029 0.63934 0.00127 0.35910 ( 2)
 402 R   0.91251 0.00059 0.08657 0.00033 ( 1)
 403 R   0.00001 0.64027 0.00010 0.35962 ( 2)
 404 E   0.80277 0.00733 0.18579 0.00412 ( 1)
 405 F   0.80689 0.00392 0.18698 0.00220 ( 1)
 406 H   0.00001 0.64028 0.00009 0.35962 ( 2)
 407 K   0.01089 0.63211 0.00197 0.35503 ( 2)
 408 W   0.87448 0.00052 0.12470 0.00029 ( 1)
 409 G   0.00272 0.63778 0.00129 0.35822 ( 2)
 410 I   0.00001 0.64031 0.00004 0.35964 ( 2)
 411 I   0.00000 0.64033 0.00002 0.35965 ( 2)
 412 I   0.17040 0.40037 0.20435 0.22487 ( 2)
 413 E   0.04156 0.33358 0.43750 0.18736 ( 3)
 414 N   0.10733 0.54892 0.03544 0.30831 ( 2)
 415 N   0.00280 0.63333 0.00815 0.35572 ( 2)
 416 L   0.01003 0.49388 0.21870 0.27739 ( 2)
 417 Q   0.00002 0.64027 0.00008 0.35962 ( 2)
 418 E   0.02079 0.62431 0.00425 0.35065 ( 2)
 419 -   0.37286 0.26748 0.20943 0.15023 ( 1)
 420 -   0.37286 0.26748 0.20943 0.15023 ( 1)
 421 G   0.47114 0.14460 0.30305 0.08122 ( 1)
 422 H   0.00001 0.63999 0.00055 0.35946 ( 2)
 423 K   0.00000 0.64034 0.00000 0.35966 ( 2)
 424 I   0.00000 0.64026 0.00012 0.35962 ( 2)
 425 T   0.00001 0.64032 0.00003 0.35965 ( 2)
 426 S   0.00000 0.64034 0.00000 0.35966 ( 2)
 427 R   0.22256 0.47351 0.03798 0.26595 ( 2)
 428 K   0.00301 0.63787 0.00086 0.35827 ( 2)
 429 M   0.13172 0.37015 0.29023 0.20790 ( 2)
 430 Q   0.00000 0.64033 0.00002 0.35965 ( 2)
 431 K   0.00776 0.63445 0.00144 0.35635 ( 2)
 432 F   0.42188 0.06863 0.47094 0.03855 ( 3)
 433 E   0.80723 0.00668 0.18234 0.00375 ( 1)
 434 N   0.36513 0.22596 0.28200 0.12691 ( 1)
 435 Q   0.00606 0.63544 0.00159 0.35691 ( 2)
 436 Y   0.84372 0.00197 0.15320 0.00111 ( 1)
 437 R   0.92203 0.00011 0.07779 0.00006 ( 1)
 438 G   0.88261 0.00055 0.11653 0.00031 ( 1)
 439 R   0.85650 0.00140 0.14130 0.00079 ( 1)
 440 E   0.66710 0.11558 0.15241 0.06492 ( 1)
 441 L   0.31034 0.15328 0.45028 0.08609 ( 3)
 442 P   0.85790 0.00129 0.14009 0.00072 ( 1)
 443 G   0.25454 0.00354 0.73993 0.00199 ( 3)
 444 F   0.81726 0.00615 0.17314 0.00345 ( 1)
 445 V   0.31024 0.08231 0.56122 0.04623 ( 3)
 446 N   0.27393 0.11864 0.54079 0.06664 ( 3)
 447 Y   0.84350 0.00208 0.15326 0.00117 ( 1)
 448 R   0.02265 0.43098 0.30430 0.24207 ( 2)
 449 T   0.83955 0.02188 0.12627 0.01229 ( 1)
 450 F   0.80326 0.00644 0.18667 0.00362 ( 1)
 451 E   0.80478 0.00725 0.18390 0.00407 ( 1)
 452 T   0.00008 0.64024 0.00009 0.35960 ( 2)
 453 I   0.79600 0.01035 0.18784 0.00581 ( 1)
 454 V   0.82955 0.03304 0.11885 0.01856 ( 1)
 455 K   0.83894 0.00311 0.15619 0.00175 ( 1)
 456 Q   0.00951 0.62717 0.01106 0.35226 ( 2)
 457 Q   0.19443 0.49097 0.03885 0.27576 ( 2)
 458 I   0.13918 0.51940 0.04968 0.29173 ( 2)
 459 K   0.00000 0.63997 0.00058 0.35945 ( 2)
 460 A   0.00005 0.62765 0.01976 0.35253 ( 2)
 461 L   0.71021 0.05022 0.21136 0.02821 ( 1)
 462 E   0.80461 0.00703 0.18442 0.00395 ( 1)
 463 E   0.80490 0.00718 0.18390 0.00403 ( 1)
 464 P   0.83191 0.02085 0.13552 0.01171 ( 1)
 465 A   0.80207 0.00680 0.18732 0.00382 ( 1)
 466 V   0.07865 0.43583 0.24073 0.24479 ( 2)
 467 N   0.00128 0.62970 0.01534 0.35368 ( 2)
 468 M   0.30203 0.00092 0.69653 0.00052 ( 3)
 469 L   0.67101 0.04871 0.25293 0.02736 ( 1)
 470 H   0.58601 0.07971 0.28951 0.04477 ( 1)
 471 T   0.03266 0.26537 0.55291 0.14905 ( 3)
 472 V   0.63581 0.12961 0.16178 0.07280 ( 1)
 473 T   0.46071 0.00908 0.52511 0.00510 ( 3)
 474 D   0.00000 0.63964 0.00110 0.35926 ( 2)
 475 M   0.13967 0.35238 0.31003 0.19792 ( 2)
 476 V   0.89424 0.00926 0.09130 0.00520 ( 1)
 477 R   0.00034 0.63975 0.00059 0.35933 ( 2)
 478 L   0.00000 0.64034 0.00000 0.35966 ( 2)
 479 A   0.01086 0.57156 0.09655 0.32103 ( 2)
 480 F   0.80837 0.00298 0.18698 0.00167 ( 1)
 481 T   0.00000 0.64033 0.00001 0.35965 ( 2)
 482 D   0.00032 0.63868 0.00227 0.35873 ( 2)
 483 V   0.05917 0.55659 0.07162 0.31262 ( 2)
 484 S   0.01045 0.51027 0.19268 0.28660 ( 2)
 485 M   0.00000 0.64034 0.00000 0.35966 ( 2)
 486 K   0.00112 0.63946 0.00026 0.35917 ( 2)
 487 N   0.00347 0.61032 0.04341 0.34280 ( 2)
 488 F   0.80298 0.00667 0.18661 0.00374 ( 1)
 489 E   0.00007 0.64024 0.00008 0.35960 ( 2)
 490 E   0.22440 0.37198 0.19468 0.20893 ( 2)
 491 L   0.67037 0.11132 0.15579 0.06252 ( 1)
 492 F   0.00180 0.58230 0.08884 0.32706 ( 2)
 493 N   0.90010 0.00007 0.09979 0.00004 ( 1)
 494 L   0.82434 0.00566 0.16682 0.00318 ( 1)
 495 H   0.00534 0.63483 0.00327 0.35656 ( 2)
 496 R   0.00262 0.54831 0.14111 0.30797 ( 2)
 497 T   0.50549 0.00715 0.48335 0.00401 ( 1)
 498 A   0.26743 0.42940 0.06199 0.24118 ( 2)
