Supplemental results for CODEML (seqf: ../../../myxovirus.aln  treef: ../../../myxovirus_branch_duck.tree)

I	J	ij	2Ns_IJ	pMut_IJ	pSub_IJ	2Ns_JI	pMut_JI	pSub_JI

TTC	TTT	CT	0.72977	0.03386	0.04770	-0.72977	0.07024	0.04770
TTA	TTT	AT	1.93852	0.00299	0.00677	-1.93852	0.02078	0.00677
TTA	TTC	AC	1.20876	0.00681	0.01174	-1.20876	0.02282	0.01174
TTG	TTT	GT	0.85168	0.00728	0.01081	-0.85168	0.01705	0.01081
TTG	TTC	GC	0.12192	0.01657	0.01760	-0.12192	0.01872	0.01760
TTG	TTA	GA	-1.08684	0.04034	0.02232	1.08684	0.01361	0.02232
TCT	TTT	CT	1.55449	0.01484	0.02925	-1.55449	0.07024	0.02925
TCC	TTC	CT	1.22166	0.02273	0.03937	-1.22166	0.07711	0.03937
TCC	TCT	CT	0.39694	0.02273	0.02753	-0.39694	0.03380	0.02753
TCA	TTA	CT	0.44496	0.01252	0.01551	-0.44496	0.01954	0.01551
TCA	TCT	AT	0.82899	0.00437	0.00642	-0.82899	0.01000	0.00642
TCA	TCC	AC	0.43205	0.00994	0.01224	-0.43205	0.01531	0.01224
TCG	TTG	CT	1.92164	0.00696	0.01566	-1.92164	0.04753	0.01566
TCG	TCT	GT	1.21883	0.00243	0.00420	-1.21883	0.00821	0.00420
TCG	TCC	GC	0.82189	0.00552	0.00810	-0.82189	0.01256	0.00810
TCG	TCA	GA	0.38984	0.01345	0.01624	-0.38984	0.01986	0.01624
TAT	TTT	AT	1.31533	0.00558	0.01003	-1.31533	0.02078	0.01003
TAT	TCT	AC	-0.23916	0.01270	0.01124	0.23916	0.01000	0.01124
TAC	TTC	AT	0.88911	0.00938	0.01416	-0.88911	0.02282	0.01416
TAC	TCC	AC	-0.33256	0.02136	0.01800	0.33256	0.01531	0.01800
TAC	TAT	CT	0.30354	0.02690	0.03119	-0.30354	0.03644	0.03119
TGT	TTT	GT	1.79615	0.00283	0.00609	-1.79615	0.01705	0.00609
TGT	TCT	GC	0.24165	0.00644	0.00725	-0.24165	0.00821	0.00725
TGT	TAT	GA	0.48081	0.01569	0.01976	-0.48081	0.02538	0.01976
TGC	TTC	GT	1.18207	0.00574	0.00979	-1.18207	0.01872	0.00979
TGC	TCC	GC	-0.03959	0.01307	0.01281	0.03959	0.01256	0.01281
TGC	TAC	GA	0.29296	0.03183	0.03672	-0.29296	0.04266	0.03672
TGC	TGT	CT	0.11569	0.01646	0.01744	-0.11569	0.01848	0.01744
TGG	TTG	GT	1.19975	0.00348	0.00597	-1.19975	0.01154	0.00597
TGG	TCG	GC	-0.72188	0.00792	0.00540	0.72188	0.00385	0.00540
TGG	TGT	GT	0.25529	0.00348	0.00394	-0.25529	0.00449	0.00394
TGG	TGC	GC	0.13960	0.00792	0.00848	-0.13960	0.00910	0.00848
CTT	TTT	CT	1.14903	0.02226	0.03745	-1.14903	0.07024	0.03745
CTC	TTC	CT	0.99445	0.02852	0.04502	-0.99445	0.07711	0.04502
CTC	CTT	CT	0.57519	0.02852	0.03751	-0.57519	0.05070	0.03751
CTA	TTA	CT	0.54212	0.01136	0.01472	-0.54212	0.01954	0.01472
CTA	CTT	AT	1.33162	0.00396	0.00717	-1.33162	0.01500	0.00717
CTA	CTC	AC	0.75643	0.00902	0.01286	-0.75643	0.01922	0.01286
CTG	TTG	CT	-0.70303	0.09601	0.06618	0.70303	0.04753	0.06618
CTG	CTT	GT	-1.00037	0.03347	0.01947	1.00037	0.01231	0.01947
CTG	CTC	GC	-1.57556	0.07622	0.03133	1.57556	0.01577	0.03133
CTG	CTA	GA	-2.33199	0.18558	0.04654	2.33199	0.01802	0.04654
CCT	TCT	CT	0.48210	0.02087	0.02630	-0.48210	0.03380	0.02630
CCT	CTT	CT	0.88756	0.02087	0.03149	-0.88756	0.05070	0.03149
CCC	TCC	CT	1.03854	0.01832	0.02945	-1.03854	0.05176	0.02945
CCC	CTC	CT	1.26576	0.01832	0.03230	-1.26576	0.06496	0.03230
CCC	CCT	CT	0.95339	0.01832	0.02842	-0.95339	0.04753	0.02842
CCA	TCA	CT	0.54933	0.01646	0.02140	-0.54933	0.02852	0.02140
CCA	CTA	CT	0.45217	0.01646	0.02047	-0.45217	0.02588	0.02047
CCA	CCT	AT	0.89622	0.00574	0.00869	-0.89622	0.01406	0.00869
CCA	CCC	AC	-0.05716	0.01307	0.01270	0.05716	0.01235	0.01270
CCG	TCG	CT	1.13318	0.00510	0.00853	-1.13318	0.01584	0.00853
CCG	CTG	CT	3.75785	0.00510	0.01963	-3.75785	0.21864	0.01963
CCG	CCT	GT	1.86991	0.00178	0.00393	-1.86991	0.01154	0.00393
CCG	CCC	GC	0.91652	0.00405	0.00619	-0.91652	0.01013	0.00619
CCG	CCA	GA	0.97369	0.00986	0.01543	-0.97369	0.02611	0.01543
CAT	TAT	CT	1.04980	0.01275	0.02060	-1.04980	0.03644	0.02060
CAT	CTT	AT	1.21611	0.00445	0.00768	-1.21611	0.01500	0.00768
CAT	CCT	AC	0.32854	0.01013	0.01188	-0.32854	0.01406	0.01188
CAC	TAC	CT	0.78082	0.02806	0.04043	-0.78082	0.06126	0.04043
CAC	CTC	AT	0.67549	0.00978	0.01345	-0.67549	0.01922	0.01345
CAC	CCC	AC	-0.59028	0.02228	0.01635	0.59028	0.01235	0.01635
CAC	CAT	CT	0.03457	0.02806	0.02855	-0.03457	0.02905	0.02855
CAA	CTA	AT	-0.27740	0.01011	0.00877	0.27740	0.00766	0.00877
CAA	CCA	AC	-0.72957	0.02301	0.01563	0.72957	0.01110	0.01563
CAA	CAT	AT	-0.16189	0.01011	0.00931	0.16189	0.00859	0.00931
CAA	CAC	AC	-0.19646	0.02301	0.02083	0.19646	0.01891	0.02083
CAG	CTG	AT	0.79885	0.02910	0.04226	-0.79885	0.06470	0.04226
CAG	CCG	AC	-2.95899	0.06628	0.01073	2.95899	0.00344	0.01073
CAG	CAT	GT	-1.41763	0.02910	0.01319	1.41763	0.00705	0.01319
CAG	CAC	GC	-1.45219	0.06628	0.02941	1.45219	0.01551	0.02941
CAG	CAA	GA	-1.25574	0.16138	0.08072	1.25574	0.04597	0.08072
CGT	TGT	CT	1.28733	0.00510	0.00907	-1.28733	0.01848	0.00907
CGT	CTT	GT	1.93445	0.00178	0.00402	-1.93445	0.01231	0.00402
CGT	CCT	GC	1.04689	0.00405	0.00653	-1.04689	0.01154	0.00653
CGT	CAT	GA	0.71834	0.00986	0.01382	-0.71834	0.02023	0.01382
CGC	TGC	CT	1.21450	0.01113	0.01923	-1.21450	0.03750	0.01923
CGC	CTC	GT	1.40213	0.00388	0.00722	-1.40213	0.01577	0.00722
CGC	CCC	GC	0.13637	0.00884	0.00945	-0.13637	0.01013	0.00945
CGC	CAC	GA	0.72664	0.02152	0.03027	-0.72664	0.04450	0.03027
CGC	CGT	CT	0.04287	0.01113	0.01137	-0.04287	0.01162	0.01137
CGA	CTA	GT	0.85646	0.00267	0.00397	-0.85646	0.00628	0.00397
CGA	CCA	GC	0.40429	0.00608	0.00739	-0.40429	0.00910	0.00739
CGA	CAA	GA	1.13386	0.01479	0.02473	-1.13386	0.04597	0.02473
CGA	CGT	AT	0.25363	0.00267	0.00302	-0.25363	0.00344	0.00302
CGA	CGC	AC	0.21076	0.00608	0.00674	-0.21076	0.00750	0.00674
CGG	TGG	CT	-0.09791	0.02505	0.02384	0.09791	0.02271	0.02384
CGG	CTG	GT	1.80488	0.00873	0.01886	-1.80488	0.05308	0.01886
CGG	CCG	GC	-1.95297	0.01988	0.00642	1.95297	0.00282	0.00642
CGG	CAG	GA	1.00603	0.04841	0.07678	-1.00603	0.13240	0.07678
CGG	CGT	GT	-1.12994	0.00873	0.00471	1.12994	0.00282	0.00471
CGG	CGC	GC	-1.17281	0.01988	0.01045	1.17281	0.00615	0.01045
CGG	CGA	GA	-1.38357	0.04841	0.02241	1.38357	0.01214	0.02241
ATT	TTT	AT	0.43145	0.01350	0.01662	-0.43145	0.02078	0.01662
ATT	CTT	AC	-0.71758	0.03075	0.02102	0.71758	0.01500	0.02102
ATC	TTC	AT	-0.17441	0.02716	0.02486	0.17441	0.02282	0.02486
ATC	CTC	AC	-1.16886	0.06186	0.03259	1.16886	0.01922	0.03259
ATC	ATT	CT	0.12391	0.07792	0.08285	-0.12391	0.08820	0.08285
ATA	TTA	AT	-0.42134	0.00881	0.00709	0.42134	0.00578	0.00709
ATA	CTA	AC	-0.96346	0.02007	0.01193	0.96346	0.00766	0.01193
ATA	ATT	AT	1.08574	0.00881	0.01444	-1.08574	0.02610	0.01444
ATA	ATC	AC	0.96183	0.02007	0.03124	-0.96183	0.05251	0.03124
ATG	TTG	AT	0.26106	0.01083	0.01231	-0.26106	0.01406	0.01231
ATG	CTG	AC	0.96409	0.02467	0.03844	-0.96409	0.06470	0.03844
ATG	ATT	GT	0.68130	0.01083	0.01494	-0.68130	0.02141	0.01494
ATG	ATC	GC	0.55739	0.02467	0.03218	-0.55739	0.04308	0.03218
ATG	ATA	GA	-0.40444	0.06007	0.04874	0.40444	0.04009	0.04874
ACT	TCT	AT	0.44853	0.00639	0.00793	-0.44853	0.01000	0.00793
ACT	CCT	AC	-0.03357	0.01454	0.01430	0.03357	0.01406	0.01430
ACT	ATT	CT	1.57157	0.01832	0.03634	-1.57157	0.08820	0.03634
ACC	TCC	AT	0.33140	0.01099	0.01292	-0.33140	0.01531	0.01292
ACC	CCC	AC	-0.70714	0.02504	0.01722	0.70714	0.01235	0.01722
ACC	ATC	CT	1.72748	0.03154	0.06626	-1.72748	0.17745	0.06626
ACC	ACT	CT	0.27982	0.03154	0.03616	-0.27982	0.04172	0.03616
ACA	TCA	AT	-0.04327	0.00881	0.00862	0.04327	0.00844	0.00862
ACA	CCA	AC	-0.59260	0.02007	0.01471	0.59260	0.01110	0.01471
ACA	ATA	CT	0.82302	0.02528	0.03709	-0.82302	0.05757	0.03709
ACA	ACT	AT	0.33719	0.00881	0.01038	-0.33719	0.01235	0.01038
ACA	ACC	AC	0.05737	0.02007	0.02065	-0.05737	0.02125	0.02065
ACG	TCG	AT	0.18909	0.00388	0.00426	-0.18909	0.00469	0.00426
ACG	CCG	AC	-0.94409	0.00884	0.00531	0.94409	0.00344	0.00531
ACG	ATG	CT	1.84966	0.01113	0.02443	-1.84966	0.07077	0.02443
ACG	ACT	GT	0.95939	0.00388	0.00603	-0.95939	0.01013	0.00603
ACG	ACC	GC	0.67957	0.00884	0.01218	-0.67957	0.01744	0.01218
ACG	ACA	GA	0.62220	0.02152	0.02890	-0.62220	0.04009	0.02890
AAT	TAT	AT	-0.20667	0.01326	0.01194	0.20667	0.01078	0.01194
AAT	CAT	AC	-1.25647	0.03019	0.01510	1.25647	0.00859	0.01510
AAT	ATT	AT	0.67722	0.01326	0.01825	-0.67722	0.02610	0.01825
AAT	ACT	AC	-0.89435	0.03019	0.01868	0.89435	0.01235	0.01868
AAC	TAC	AT	0.63356	0.00962	0.01299	-0.63356	0.01813	0.01299
AAC	CAC	AC	-0.14727	0.02191	0.02034	0.14727	0.01891	0.02034
AAC	ATC	AT	1.69708	0.00962	0.01999	-1.69708	0.05251	0.01999
AAC	ACC	AC	-0.03040	0.02191	0.02158	0.03040	0.02125	0.02158
AAC	AAT	CT	1.14377	0.02760	0.04632	-1.14377	0.08661	0.04632
AAA	CAA	AC	-0.92287	0.04916	0.02991	0.92287	0.01953	0.02991
AAA	ATA	AT	-0.23681	0.02158	0.01913	0.23681	0.01703	0.01913
AAA	ACA	AC	-1.05983	0.04916	0.02762	1.05983	0.01703	0.02762
AAA	AAT	AT	0.17171	0.02158	0.02349	-0.17171	0.02563	0.02349
AAA	AAC	AC	-0.97206	0.04916	0.02908	0.97206	0.01860	0.02908
AAG	CAG	AC	-0.19403	0.06830	0.06189	0.19403	0.05626	0.06189
AAG	ATG	AT	-0.35927	0.02999	0.02493	0.35927	0.02094	0.02493
AAG	ACG	AC	-2.20893	0.06830	0.01861	2.20893	0.00750	0.01861
AAG	AAT	GT	-0.35519	0.02999	0.02498	0.35519	0.02103	0.02498
AAG	AAC	GC	-1.49896	0.06830	0.02945	1.49896	0.01526	0.02945
AAG	AAA	GA	-0.52690	0.16631	0.12632	0.52690	0.09819	0.12632
AGT	TGT	AT	-0.25147	0.00703	0.00619	0.25147	0.00547	0.00619
AGT	CGT	AC	-1.53880	0.01602	0.00674	1.53880	0.00344	0.00674
AGT	ATT	GT	1.11323	0.00703	0.01166	-1.11323	0.02141	0.01166
AGT	ACT	GC	-0.45834	0.01602	0.01263	0.45834	0.01013	0.01263
AGT	AAT	GA	0.43601	0.03900	0.04812	-0.43601	0.06031	0.04812
AGC	TGC	AT	-0.10867	0.01237	0.01171	0.10867	0.01110	0.01171
AGC	CGC	AC	-1.32317	0.02817	0.01353	1.32317	0.00750	0.01353
AGC	ATC	GT	1.24782	0.01237	0.02165	-1.24782	0.04308	0.02165
AGC	ACC	GC	-0.47966	0.02817	0.02195	0.47966	0.01744	0.02195
AGC	AAC	GA	-0.44926	0.06859	0.05433	0.44926	0.04376	0.05433
AGC	AGT	CT	0.25849	0.03548	0.04026	-0.25849	0.04595	0.04026
AGA	CGA	AC	-1.56527	0.02467	0.01021	1.56527	0.00516	0.01021
AGA	ATA	GT	0.25465	0.01083	0.01227	-0.25465	0.01397	0.01227
AGA	ACA	GC	-0.56837	0.02467	0.01832	0.56837	0.01397	0.01832
AGA	AAA	GA	0.49146	0.06007	0.07603	-0.49146	0.09819	0.07603
AGA	AGT	AT	0.22716	0.01083	0.01211	-0.22716	0.01360	0.01211
AGA	AGC	AC	-0.03133	0.02467	0.02429	0.03133	0.02391	0.02429
AGG	TGG	AT	0.00145	0.00671	0.00671	-0.00145	0.00672	0.00671
AGG	CGG	AC	0.09936	0.01528	0.01605	-0.09936	0.01688	0.01605
AGG	ATG	GT	0.94014	0.00671	0.01035	-0.94014	0.01718	0.01035
AGG	ACG	GC	-0.90952	0.01528	0.00937	0.90952	0.00615	0.00937
AGG	AAG	GA	1.29941	0.03721	0.06647	-1.29941	0.13644	0.06647
AGG	AGT	GT	0.50821	0.00671	0.00856	-0.50821	0.01115	0.00856
AGG	AGC	GC	0.24972	0.01528	0.01727	-0.24972	0.01962	0.01727
AGG	AGA	GA	0.28105	0.03721	0.04268	-0.28105	0.04928	0.04268
GTT	TTT	GT	1.24062	0.00493	0.00861	-1.24062	0.01705	0.00861
GTT	CTT	GC	0.09159	0.01123	0.01175	-0.09159	0.01231	0.01175
GTT	ATT	GA	0.80917	0.02734	0.03988	-0.80917	0.06142	0.03988
GTC	TTC	GT	0.60847	0.01019	0.01360	-0.60847	0.01872	0.01360
GTC	CTC	GC	-0.38598	0.02320	0.01901	0.38598	0.01577	0.01901
GTC	ATC	GA	0.78288	0.05648	0.08145	-0.78288	0.12357	0.08145
GTC	GTT	CT	0.09762	0.02922	0.03067	-0.09762	0.03222	0.03067
GTA	TTA	GT	0.31086	0.00348	0.00404	-0.31086	0.00474	0.00404
GTA	CTA	GC	-0.23126	0.00792	0.00704	0.23126	0.00628	0.00704
GTA	ATA	GA	0.73220	0.01928	0.02719	-0.73220	0.04009	0.02719
GTA	GTT	AT	1.00877	0.00348	0.00552	-1.00877	0.00953	0.00552
GTA	GTC	AC	0.91115	0.00792	0.01206	-0.91115	0.01969	0.01206
GTG	TTG	GT	-0.55247	0.02005	0.01502	0.55247	0.01154	0.01502
GTG	CTG	GC	0.15056	0.04566	0.04918	-0.15056	0.05308	0.04918
GTG	ATG	GA	-0.81354	0.11117	0.07202	0.81354	0.04928	0.07202
GTG	GTT	GT	-0.94141	0.02005	0.01207	0.94141	0.00782	0.01207
GTG	GTC	GC	-1.03903	0.04566	0.02597	1.03903	0.01615	0.02597
GTG	GTA	GA	-1.95018	0.11117	0.03595	1.95018	0.01581	0.03595
GCT	TCT	GT	-0.42340	0.01253	0.01006	0.42340	0.00821	0.01006
GCT	CCT	GC	-0.90550	0.02854	0.01754	0.90550	0.01154	0.01754
GCT	ACT	GA	-0.87192	0.06948	0.04354	0.87192	0.02905	0.04354
GCT	GTT	CT	-0.10953	0.03594	0.03401	0.10953	0.03222	0.03401
GCC	TCC	GT	-0.12437	0.01423	0.01336	0.12437	0.01256	0.01336
GCC	CCC	GC	-1.16292	0.03240	0.01713	1.16292	0.01013	0.01713
GCC	ACC	GA	-0.45578	0.07890	0.06228	0.45578	0.05002	0.06228
GCC	GTC	CT	0.48882	0.04081	0.05160	-0.48882	0.06654	0.05160
GCC	GCT	CT	0.69597	0.04081	0.05665	-0.69597	0.08186	0.05665
GCA	TCA	GT	-0.10375	0.00768	0.00729	0.10375	0.00692	0.00729
GCA	CCA	GC	-0.65308	0.01749	0.01240	0.65308	0.00910	0.01240
GCA	ACA	GA	-0.06048	0.04259	0.04131	0.06048	0.04009	0.04131
GCA	GTA	CT	0.03035	0.02203	0.02237	-0.03035	0.02271	0.02237
GCA	GCT	AT	1.14864	0.00768	0.01292	-1.14864	0.02422	0.01292
GCA	GCC	AC	0.45267	0.01749	0.02175	-0.45267	0.02750	0.02175
GCG	TCG	GT	0.77130	0.00178	0.00255	-0.77130	0.00385	0.00255
GCG	CCG	GC	-0.36188	0.00405	0.00336	0.36188	0.00282	0.00336
GCG	ACG	GA	0.58221	0.00986	0.01301	-0.58221	0.01765	0.01301
GCG	GTG	CT	3.24541	0.00510	0.01723	-3.24541	0.13097	0.01723
GCG	GCT	GT	2.41353	0.00178	0.00471	-2.41353	0.01987	0.00471
GCG	GCC	GC	1.71756	0.00405	0.00848	-1.71756	0.02256	0.00848
GCG	GCA	GA	1.26489	0.00986	0.01738	-1.26489	0.03494	0.01738
GAT	TAT	GT	-0.41674	0.01342	0.01082	0.41674	0.00885	0.01082
GAT	CAT	GC	-1.46654	0.03056	0.01344	1.46654	0.00705	0.01344
GAT	AAT	GA	-0.21007	0.07441	0.06687	0.21007	0.06031	0.06687
GAT	GTT	AT	-0.34202	0.01342	0.01126	0.34202	0.00953	0.01126
GAT	GCT	AC	-0.23250	0.03056	0.02715	0.23250	0.02422	0.02715
GAC	TAC	GT	-0.42006	0.02264	0.01821	0.42006	0.01487	0.01821
GAC	CAC	GC	-1.20088	0.05155	0.02665	1.20088	0.01551	0.02665
GAC	AAC	GA	-1.05361	0.12552	0.07080	1.05361	0.04376	0.07080
GAC	GTC	AT	-0.13942	0.02264	0.02109	0.13942	0.01969	0.02109
GAC	GCC	AC	-0.62824	0.05155	0.03704	0.62824	0.02750	0.03704
GAC	GAT	CT	0.30022	0.06493	0.07517	-0.30022	0.08767	0.07517
GAA	CAA	GC	-1.33870	0.06112	0.02908	1.33870	0.01603	0.02908
GAA	AAA	GA	-0.41583	0.14883	0.12002	0.41583	0.09819	0.12002
GAA	GTA	AT	-1.38484	0.02684	0.01241	1.38484	0.00672	0.01241
GAA	GCA	AC	-1.41519	0.06112	0.02775	1.41519	0.01485	0.02775
GAA	GAT	AT	-0.03406	0.02684	0.02638	0.03406	0.02594	0.02638
GAA	GAC	AC	-0.33428	0.06112	0.05148	0.33428	0.04376	0.05148
GAG	CAG	GC	-0.53490	0.07880	0.05959	0.53490	0.04615	0.05959
GAG	AAG	GA	-0.34087	0.19186	0.16101	0.34087	0.13644	0.16101
GAG	GTG	AT	0.11340	0.03460	0.03660	-0.11340	0.03875	0.03660
GAG	GCG	AC	-3.13201	0.07880	0.01126	3.13201	0.00344	0.01126
GAG	GAT	GT	-0.48599	0.03460	0.02687	0.48599	0.02128	0.02687
GAG	GAC	GC	-0.78621	0.07880	0.05184	0.78621	0.03590	0.05184
GAG	GAA	GA	-0.45194	0.19186	0.15176	0.45194	0.12210	0.15176
GGT	TGT	GT	-0.06105	0.00477	0.00463	0.06105	0.00449	0.00463
GGT	CGT	GC	-1.34838	0.01086	0.00514	1.34838	0.00282	0.00514
GGT	AGT	GA	0.19042	0.02645	0.02905	-0.19042	0.03200	0.02905
GGT	GTT	GT	0.49448	0.00477	0.00605	-0.49448	0.00782	0.00605
GGT	GCT	GC	0.60401	0.01086	0.01447	-0.60401	0.01987	0.01447
GGT	GAT	GA	0.83650	0.02645	0.03903	-0.83650	0.06105	0.03903
GGC	TGC	GT	-0.08836	0.00994	0.00951	0.08836	0.00910	0.00951
GGC	CGC	GC	-1.30286	0.02265	0.01101	1.30286	0.00615	0.01101
GGC	AGC	GA	0.02031	0.05514	0.05570	-0.02031	0.05627	0.05570
GGC	GTC	GT	0.48524	0.00994	0.01255	-0.48524	0.01615	0.01255
GGC	GCC	GC	-0.00358	0.02265	0.02260	0.00358	0.02256	0.02260
GGC	GAC	GA	0.62466	0.05514	0.07414	-0.62466	0.10297	0.07414
GGC	GGT	CT	0.08838	0.02852	0.02980	-0.08838	0.03116	0.02980
GGA	CGA	GC	-1.38716	0.01694	0.00782	1.38716	0.00423	0.00782
GGA	AGA	GA	0.17810	0.04124	0.04502	-0.17810	0.04928	0.04502
GGA	GTA	GT	-0.29944	0.00744	0.00638	0.29944	0.00551	0.00638
GGA	GCA	GC	-0.32979	0.01694	0.01430	0.32979	0.01218	0.01430
GGA	GAA	GA	1.08540	0.04124	0.06759	-1.08540	0.12210	0.06759
GGA	GGT	AT	0.21484	0.00744	0.00826	-0.21484	0.00922	0.00826
GGA	GGC	AC	0.12646	0.01694	0.01803	-0.12646	0.01922	0.01803
GGG	TGG	GT	-0.34200	0.00776	0.00651	0.34200	0.00551	0.00651
GGG	CGG	GC	-0.24410	0.01767	0.01560	0.24410	0.01385	0.01560
GGG	AGG	GA	-0.34346	0.04303	0.03607	0.34346	0.03052	0.03607
GGG	GTG	GT	1.41022	0.00776	0.01448	-1.41022	0.03179	0.01448
GGG	GCG	GC	-1.83519	0.01767	0.00616	1.83519	0.00282	0.00616
GGG	GAG	GA	1.29683	0.04303	0.07681	-1.29683	0.15740	0.07681
GGG	GGT	GT	-0.02567	0.00776	0.00766	0.02567	0.00756	0.00766
GGG	GGC	GC	-0.11404	0.01767	0.01669	0.11404	0.01577	0.01669
GGG	GGA	GA	-0.24051	0.04303	0.03807	0.24051	0.03383	0.03807


Histograms
2Ns	FMut	FSub(CodonUsage)	FSubw(after w)

-3.57890	0.01445	0.00150
-3.22101	0.01386	0.00218
-2.86312	0.00438	0.00082
-2.50523	0.01357	0.00393
-2.14734	0.00451	0.00143
-1.78945	0.04191	0.01710
-1.43156	0.09467	0.05100
-1.07367	0.12579	0.08170
-0.71578	0.12559	0.09915
-0.35789	0.17782	0.16983
0.00000	0.12321	0.14270
0.35789	0.12229	0.16983
0.71578	0.06090	0.09915
1.07367	0.04339	0.08170
1.43156	0.02392	0.05100
1.78945	0.00680	0.01710
2.14734	0.00050	0.00143
2.50523	0.00131	0.00393
2.86312	0.00023	0.00082
3.22101	0.00056	0.00218
3.57890	0.00034	0.00150

Proportion of advantageous (S > 0) mutations:
 0.31896

Proportions of good & bad mutations (|S| > 2.0000) among mutations:
0.00293  0.05077

mean |Ns| = 0.85353	mean Ns+ = 0.60619	mean Ns- = -0.96936


MLEs of dN/dS (w) for site classes (K=4)

site class             0        1       2a       2b
proportion       0.49132  0.35566  0.08876  0.06425
background w     0.08775  1.00000  0.08775  1.00000
foreground w     0.08775  1.00000 999.00000 999.00000

Naive Empirical Bayes (NEB) probabilities for 4 classes
(amino acids refer to 1st sequence: Rhesus_macaque_Mx)

   1 I   0.00757 0.85454 0.00137 0.13652 ( 2)
   2 V   0.00004 0.91727 0.00000 0.08269 ( 2)
   3 K   0.30269 0.59878 0.03011 0.06842 ( 2)
   4 A   0.00006 0.78428 0.00004 0.21561 ( 2)
   5 D   0.03955 0.88928 0.00233 0.06884 ( 2)
   6 P   0.00066 0.77266 0.00088 0.22580 ( 2)
   7 A   0.00007 0.82175 0.00017 0.17801 ( 2)
   8 A   0.00024 0.83363 0.00006 0.16608 ( 2)
   9 A   0.00942 0.81672 0.01406 0.15980 ( 2)
  10 S   0.00000 0.82778 0.00000 0.17222 ( 2)
  11 Q   0.17081 0.75898 0.01088 0.05932 ( 2)
  12 P   0.12621 0.77141 0.01329 0.08909 ( 2)
  13 L   0.00653 0.89092 0.00069 0.10187 ( 2)
  14 L   0.01677 0.87513 0.00173 0.10637 ( 2)
  15 L   0.26742 0.63099 0.02899 0.07260 ( 2)
  16 N   0.01374 0.90255 0.00115 0.08257 ( 2)
  17 G   0.00358 0.71184 0.03973 0.24484 ( 2)
  18 D   0.00001 0.83913 0.00001 0.16085 ( 2)
  19 A   0.00010 0.87396 0.00001 0.12593 ( 2)
  20 D   0.00091 0.80426 0.00233 0.19251 ( 2)
  21 V   0.00002 0.84696 0.00000 0.15301 ( 2)
  22 A   0.00547 0.84151 0.00099 0.15203 ( 2)
  23 Q   0.71197 0.19928 0.06756 0.02119 ( 1)
  24 K   0.18419 0.71525 0.01833 0.08223 ( 2)
  25 S   0.00000 0.52649 0.00002 0.47349 ( 2)
  26 P   0.00000 0.57424 0.00089 0.42487 ( 2)
  27 G   0.00019 0.68723 0.00062 0.31196 ( 2)
  28 S   0.00073 0.76587 0.00249 0.23090 ( 2)
  29 V   0.00204 0.91659 0.00016 0.08122 ( 2)
  30 A   0.00064 0.91960 0.00005 0.07971 ( 2)
  31 E   0.00290 0.84388 0.00059 0.15263 ( 2)
  32 N   0.00059 0.76780 0.00102 0.23059 ( 2)
  33 N   0.18729 0.09814 0.68905 0.02552 ( 3)
  34 L   0.86025 0.04919 0.08549 0.00507 ( 1)
  35 C   0.25592 0.63538 0.02754 0.08116 ( 2)
  36 S   0.81564 0.10557 0.06855 0.01024 ( 1)
  37 Q   0.78068 0.12156 0.08383 0.01392 ( 1)
  38 Y   0.92423 0.00255 0.07300 0.00022 ( 1)
  39 E   0.77624 0.08939 0.12103 0.01334 ( 1)
  40 E   0.33762 0.40997 0.13719 0.11522 ( 2)
  41 K   0.90843 0.00731 0.08351 0.00075 ( 1)
  42 V   0.75760 0.13414 0.09224 0.01602 ( 1)
  43 R   0.86828 0.01325 0.11623 0.00224 ( 1)
  44 P   0.92426 0.00102 0.07462 0.00009 ( 1)
  45 C   0.93916 0.00065 0.06014 0.00005 ( 1)
  46 I   0.89957 0.01252 0.08663 0.00129 ( 1)
  47 D   0.92751 0.00280 0.06945 0.00024 ( 1)
  48 L   0.92355 0.00323 0.07294 0.00028 ( 1)
  49 I   0.74355 0.10856 0.13252 0.01538 ( 1)
  50 D   0.92368 0.00281 0.07326 0.00025 ( 1)
  51 S   0.12522 0.79637 0.00950 0.06891 ( 2)
  52 L   0.80499 0.07452 0.11016 0.01033 ( 1)
  53 R   0.93099 0.00234 0.06648 0.00019 ( 1)
  54 A   0.09135 0.70990 0.01698 0.18177 ( 2)
  55 L   0.88666 0.03785 0.07213 0.00336 ( 1)
  56 G   0.79556 0.01229 0.18889 0.00325 ( 1)
  57 V   0.81258 0.11424 0.06353 0.00966 ( 1)
  58 E   0.75510 0.08359 0.14792 0.01340 ( 1)
  59 Q   0.35943 0.51044 0.05752 0.07262 ( 2)
  60 D   0.92368 0.00281 0.07326 0.00025 ( 1)
  61 L   0.80013 0.07938 0.10949 0.01101 ( 1)
  62 A   0.03609 0.51182 0.20559 0.24650 ( 2)
  63 L   0.85380 0.05562 0.08485 0.00573 ( 1)
  64 P   0.92452 0.00078 0.07464 0.00007 ( 1)
  65 A   0.92743 0.00316 0.06916 0.00026 ( 1)
  66 I   0.88776 0.01587 0.09456 0.00181 ( 1)
  67 A   0.92623 0.00435 0.06907 0.00036 ( 1)
  68 V   0.90471 0.00131 0.09383 0.00014 ( 1)
  69 I   0.89830 0.01377 0.08652 0.00141 ( 1)
  70 G   0.93911 0.00062 0.06022 0.00005 ( 1)
  71 D   0.92368 0.00281 0.07326 0.00025 ( 1)
  72 Q   0.70742 0.12407 0.14760 0.02091 ( 1)
  73 S   0.88485 0.00921 0.10494 0.00101 ( 1)
  74 S   0.93418 0.00252 0.06311 0.00019 ( 1)
  75 G   0.94275 0.00072 0.05648 0.00005 ( 1)
  76 K   0.91724 0.00673 0.07538 0.00064 ( 1)
  77 S   0.93404 0.00110 0.06478 0.00009 ( 1)
  78 S   0.92875 0.00127 0.06988 0.00011 ( 1)
  79 V   0.03380 0.05231 0.90229 0.01160 ( 3)
  80 L   0.89162 0.03481 0.07056 0.00301 ( 1)
  81 E   0.90312 0.01013 0.08568 0.00107 ( 1)
  82 A   0.91968 0.00304 0.07700 0.00028 ( 1)
  83 L   0.80385 0.07304 0.11260 0.01050 ( 1)
  84 S   0.93444 0.00226 0.06312 0.00017 ( 1)
  85 G   0.94418 0.00070 0.05507 0.00005 ( 1)
  86 V   0.95006 0.00068 0.04921 0.00005 ( 1)
  87 A   0.02110 0.02003 0.95068 0.00820 ( 3)
  88 L   0.92116 0.00358 0.07493 0.00033 ( 1)
  89 P   0.92426 0.00102 0.07462 0.00009 ( 1)
  90 R   0.95069 0.00086 0.04839 0.00005 ( 1)
  91 G   0.87385 0.01104 0.11350 0.00161 ( 1)
  92 S   0.81155 0.08841 0.08915 0.01089 ( 1)
  93 G   0.94437 0.00052 0.05508 0.00004 ( 1)
  94 I   0.74407 0.09345 0.14771 0.01477 ( 1)
  95 V   0.89094 0.00707 0.10082 0.00117 ( 1)
  96 T   0.94468 0.00097 0.05428 0.00007 ( 1)
  97 R   0.93191 0.00143 0.06654 0.00012 ( 1)
  98 C   0.94373 0.00048 0.05576 0.00003 ( 1)
  99 P   0.93934 0.00153 0.05902 0.00011 ( 1)
 100 L   0.82917 0.05038 0.11346 0.00699 ( 1)
 101 V   0.74348 0.16476 0.07340 0.01836 ( 1)
 102 L   0.88555 0.03895 0.07204 0.00346 ( 1)
 103 K   0.87672 0.04684 0.07195 0.00449 ( 1)
 104 L   0.82692 0.05256 0.11322 0.00730 ( 1)
 105 K   0.85166 0.07152 0.07000 0.00683 ( 1)
 106 K   0.86292 0.06046 0.07082 0.00580 ( 1)
 107 L   0.29873 0.30704 0.34439 0.04983 ( 3)
 108 V   0.00000 0.79341 0.00000 0.20659 ( 2)
 109 N   0.00021 0.85116 0.00005 0.14858 ( 2)
 110 -   0.49132 0.35566 0.08876 0.06425 ( 1)
 111 E   0.00737 0.84990 0.01313 0.12960 ( 2)
 112 D   0.03030 0.86518 0.00331 0.10122 ( 2)
 113 E   0.27462 0.63195 0.02607 0.06736 ( 2)
 114 W   0.93696 0.00067 0.06232 0.00005 ( 1)
 115 R   0.17453 0.73585 0.01615 0.07347 ( 2)
 116 G   0.94264 0.00081 0.05649 0.00006 ( 1)
 117 K   0.46162 0.34713 0.10209 0.08917 ( 1)
 118 V   0.89193 0.01389 0.09272 0.00147 ( 1)
 119 S   0.00038 0.80071 0.00030 0.19861 ( 2)
 120 Y   0.89131 0.03438 0.07131 0.00300 ( 1)
 121 Q   0.00004 0.94225 0.00000 0.05771 ( 2)
 122 D   0.90392 0.01881 0.07540 0.00186 ( 1)
 123 Y   0.00000 0.81217 0.00001 0.18782 ( 2)
 124 E   0.00002 0.02790 0.93352 0.03856 ( 3)
 125 I   0.00037 0.81151 0.00524 0.18288 ( 2)
 126 E   0.01965 0.22981 0.61233 0.13821 ( 3)
 127 I   0.01654 0.85333 0.00244 0.12769 ( 2)
 128 L   0.00496 0.88748 0.00057 0.10699 ( 2)
 129 D   0.13256 0.48203 0.26857 0.11684 ( 2)
 130 A   0.42517 0.50105 0.03176 0.04202 ( 2)
 131 S   0.90815 0.00664 0.08456 0.00065 ( 1)
 132 E   0.02527 0.87784 0.00242 0.09447 ( 2)
 133 V   0.89975 0.00629 0.09328 0.00068 ( 1)
 134 E   0.74691 0.09070 0.14580 0.01659 ( 1)
 135 K   0.00004 0.78533 0.00062 0.21401 ( 2)
 136 E   0.30704 0.61602 0.02347 0.05347 ( 2)
 137 I   0.83998 0.09584 0.05676 0.00741 ( 1)
 138 N   0.32647 0.59605 0.02586 0.05162 ( 2)
 139 K   0.00825 0.67205 0.12503 0.19468 ( 2)
 140 A   0.87205 0.05034 0.07298 0.00463 ( 1)
 141 Q   0.88845 0.01488 0.09498 0.00170 ( 1)
 142 N   0.30521 0.61394 0.02528 0.05558 ( 2)
 143 T   0.00003 0.84689 0.00001 0.15307 ( 2)
 144 I   0.75392 0.14909 0.08003 0.01695 ( 1)
 145 A   0.90364 0.00771 0.08786 0.00080 ( 1)
 146 G   0.94401 0.00058 0.05537 0.00004 ( 1)
 147 E   0.08180 0.83281 0.00671 0.07868 ( 2)
 148 G   0.25860 0.42727 0.23388 0.08026 ( 2)
 149 M   0.00001 0.91922 0.00000 0.08077 ( 2)
 150 G   0.00246 0.82595 0.03222 0.13937 ( 2)
 151 I   0.89787 0.01419 0.08648 0.00146 ( 1)
 152 S   0.93924 0.00075 0.05996 0.00005 ( 1)
 153 H   0.00597 0.91716 0.00040 0.07647 ( 2)
 154 E   0.30735 0.59964 0.02918 0.06383 ( 2)
 155 L   0.91322 0.00743 0.07865 0.00070 ( 1)
 156 I   0.90071 0.01140 0.08671 0.00117 ( 1)
 157 T   0.17746 0.74031 0.01461 0.06761 ( 2)
 158 L   0.87822 0.04225 0.07569 0.00384 ( 1)
 159 E   0.80361 0.10857 0.07629 0.01153 ( 1)
 160 I   0.71015 0.18749 0.08077 0.02159 ( 1)
 161 S   0.75051 0.13306 0.10083 0.01560 ( 1)
 162 S   0.92824 0.00179 0.06983 0.00015 ( 1)
 163 R   0.90548 0.02357 0.06894 0.00201 ( 1)
 164 D   0.06078 0.75757 0.05115 0.13050 ( 2)
 165 V   0.94106 0.00072 0.05816 0.00006 ( 1)
 166 P   0.92837 0.00099 0.07055 0.00008 ( 1)
 167 D   0.92385 0.00255 0.07337 0.00023 ( 1)
 168 L   0.80013 0.07938 0.10949 0.01101 ( 1)
 169 T   0.93109 0.00080 0.06804 0.00007 ( 1)
 170 L   0.89953 0.02108 0.07745 0.00193 ( 1)
 171 I   0.90799 0.00407 0.08752 0.00042 ( 1)
 172 D   0.92751 0.00280 0.06945 0.00024 ( 1)
 173 L   0.92052 0.00421 0.07488 0.00039 ( 1)
 174 P   0.92247 0.00282 0.07447 0.00025 ( 1)
 175 G   0.93892 0.00079 0.06023 0.00006 ( 1)
 176 I   0.90000 0.01206 0.08670 0.00124 ( 1)
 177 T   0.90292 0.01358 0.08220 0.00130 ( 1)
 178 R   0.93311 0.00059 0.06625 0.00005 ( 1)
 179 V   0.79836 0.08715 0.10214 0.01234 ( 1)
 180 A   0.91515 0.00757 0.07658 0.00069 ( 1)
 181 V   0.10544 0.05041 0.83247 0.01169 ( 3)
 182 G   0.06711 0.00899 0.92251 0.00139 ( 3)
 183 N   0.92106 0.00963 0.06845 0.00086 ( 1)
 184 Q   0.88940 0.01554 0.09334 0.00172 ( 1)
 185 P   0.92737 0.00198 0.07048 0.00017 ( 1)
 186 P   0.00000 0.90734 0.00000 0.09266 ( 2)
 187 D   0.92183 0.00283 0.07508 0.00027 ( 1)
 188 I   0.75956 0.11916 0.10317 0.01811 ( 1)
 189 G   0.75077 0.18882 0.04598 0.01443 ( 1)
 190 Y   0.00001 0.74114 0.00025 0.25861 ( 2)
 191 K   0.24058 0.66065 0.02525 0.07351 ( 2)
 192 I   0.75617 0.14755 0.07973 0.01655 ( 1)
 193 K   0.91724 0.00673 0.07538 0.00064 ( 1)
 194 T   0.00007 0.78001 0.00172 0.21821 ( 2)
 195 L   0.91590 0.00488 0.07877 0.00045 ( 1)
 196 I   0.72812 0.14333 0.10550 0.02304 ( 1)
 197 R   0.00387 0.90683 0.00033 0.08896 ( 2)
 198 K   0.39291 0.52454 0.03228 0.05028 ( 2)
 199 Y   0.00002 0.00299 0.99044 0.00656 ( 3)
 200 I   0.89737 0.01468 0.08644 0.00151 ( 1)
 201 Q   0.00000 0.85521 0.00000 0.14478 ( 2)
 202 R   0.00307 0.87618 0.00060 0.12015 ( 2)
 203 Q   0.79042 0.12800 0.06878 0.01280 ( 1)
 204 E   0.90276 0.00989 0.08629 0.00106 ( 1)
 205 T   0.93095 0.00095 0.06802 0.00008 ( 1)
 206 I   0.88799 0.01653 0.09363 0.00185 ( 1)
 207 N   0.87393 0.03350 0.08724 0.00533 ( 1)
 208 L   0.61254 0.24313 0.10144 0.04289 ( 1)
 209 V   0.94574 0.00600 0.04790 0.00036 ( 1)
 210 V   0.89473 0.01129 0.09275 0.00122 ( 1)
 211 V   0.90399 0.00110 0.09478 0.00013 ( 1)
 212 P   0.92844 0.00091 0.07057 0.00008 ( 1)
 213 S   0.03291 0.90355 0.00196 0.06157 ( 2)
 214 N   0.92987 0.00034 0.06977 0.00003 ( 1)
 215 V   0.89220 0.01381 0.09249 0.00149 ( 1)
 216 D   0.92751 0.00280 0.06945 0.00024 ( 1)
 217 I   0.90136 0.01077 0.08676 0.00111 ( 1)
 218 A   0.92723 0.00335 0.06914 0.00028 ( 1)
 219 T   0.93080 0.00109 0.06801 0.00009 ( 1)
 220 T   0.93048 0.00142 0.06797 0.00012 ( 1)
 221 E   0.89914 0.01041 0.08928 0.00118 ( 1)
 222 A   0.93030 0.00030 0.06937 0.00003 ( 1)
 223 L   0.80244 0.07707 0.10980 0.01069 ( 1)
 224 S   0.00348 0.90281 0.00033 0.09337 ( 2)
 225 M   0.95634 0.00009 0.04357 0.00001 ( 1)
 226 A   0.90321 0.00814 0.08781 0.00084 ( 1)
 227 Q   0.90917 0.01204 0.07768 0.00110 ( 1)
 228 E   0.80843 0.10327 0.07727 0.01102 ( 1)
 229 V   0.89220 0.01381 0.09249 0.00149 ( 1)
 230 D   0.92183 0.00283 0.07508 0.00027 ( 1)
 231 P   0.92385 0.00144 0.07459 0.00013 ( 1)
 232 E   0.00039 0.85571 0.00006 0.14384 ( 2)
 233 G   0.93895 0.00078 0.06021 0.00006 ( 1)
 234 D   0.87103 0.03819 0.08663 0.00415 ( 1)
 235 R   0.95136 0.00028 0.04834 0.00002 ( 1)
 236 T   0.93037 0.00102 0.06852 0.00009 ( 1)
 237 I   0.87758 0.04321 0.07506 0.00414 ( 1)
 238 G   0.94282 0.00067 0.05647 0.00005 ( 1)
 239 I   0.26838 0.58324 0.05629 0.09209 ( 2)
 240 L   0.90758 0.01884 0.07188 0.00170 ( 1)
 241 T   0.93054 0.00097 0.06840 0.00008 ( 1)
 242 K   0.91724 0.00673 0.07538 0.00064 ( 1)
 243 P   0.92343 0.00178 0.07464 0.00016 ( 1)
 244 D   0.92640 0.00227 0.07113 0.00021 ( 1)
 245 L   0.81048 0.06886 0.11106 0.00960 ( 1)
 246 V   0.89220 0.01381 0.09249 0.00149 ( 1)
 247 D   0.84963 0.02319 0.12429 0.00289 ( 1)
 248 K   0.00060 0.58972 0.02575 0.38393 ( 2)
 249 G   0.93900 0.00073 0.06022 0.00006 ( 1)
 250 T   0.93730 0.00824 0.05386 0.00060 ( 1)
 251 E   0.90386 0.00948 0.08566 0.00100 ( 1)
 252 D   0.10812 0.79418 0.01080 0.08690 ( 2)
 253 K   0.00174 0.32669 0.45404 0.21753 ( 3)
 254 V   0.05313 0.09718 0.83089 0.01880 ( 3)
 255 V   0.02583 0.76275 0.04512 0.16630 ( 2)
 256 D   0.02007 0.48875 0.33767 0.15350 ( 2)
 257 V   0.81258 0.11424 0.06353 0.00966 ( 1)
 258 V   0.01132 0.87665 0.00101 0.11102 ( 2)
 259 R   0.68717 0.22776 0.06351 0.02157 ( 1)
 260 N   0.92910 0.00013 0.07075 0.00001 ( 1)
 261 L   0.20080 0.69295 0.02188 0.08437 ( 2)
 262 V   0.93960 0.00216 0.05808 0.00016 ( 1)
 263 F   0.00421 0.88925 0.00047 0.10608 ( 2)
 264 H   0.84033 0.09779 0.05447 0.00741 ( 1)
 265 L   0.88838 0.03819 0.07016 0.00327 ( 1)
 266 K   0.88503 0.04358 0.06765 0.00375 ( 1)
 267 K   0.91724 0.00673 0.07538 0.00064 ( 1)
 268 G   0.93738 0.00091 0.06163 0.00007 ( 1)
 269 Y   0.92310 0.00279 0.07387 0.00024 ( 1)
 270 M   0.95634 0.00009 0.04357 0.00001 ( 1)
 271 I   0.08357 0.05436 0.84927 0.01281 ( 3)
 272 V   0.90463 0.00140 0.09382 0.00015 ( 1)
 273 K   0.90695 0.00723 0.08505 0.00077 ( 1)
 274 C   0.94358 0.00060 0.05578 0.00004 ( 1)
 275 R   0.78245 0.11114 0.08433 0.02209 ( 1)
 276 G   0.94311 0.00072 0.05612 0.00005 ( 1)
 277 Q   0.90917 0.01204 0.07768 0.00110 ( 1)
 278 Q   0.21512 0.59614 0.04900 0.13974 ( 2)
 279 E   0.63653 0.28740 0.05049 0.02558 ( 1)
 280 I   0.70027 0.16154 0.11014 0.02806 ( 1)
 281 Q   0.00792 0.84037 0.00413 0.14758 ( 2)
 282 D   0.02931 0.91287 0.00135 0.05648 ( 2)
 283 Q   0.03456 0.76665 0.03968 0.15911 ( 2)
 284 L   0.06543 0.80905 0.00917 0.11635 ( 2)
 285 S   0.70020 0.19418 0.07554 0.03007 ( 1)
 286 L   0.52267 0.34852 0.08111 0.04770 ( 1)
 287 S   0.00969 0.86312 0.00154 0.12564 ( 2)
 288 E   0.01379 0.90545 0.00100 0.07976 ( 2)
 289 A   0.91780 0.00481 0.07695 0.00044 ( 1)
 290 L   0.12209 0.77181 0.01370 0.09240 ( 2)
 291 Q   0.06078 0.05020 0.87078 0.01824 ( 3)
 292 R   0.04158 0.85033 0.00471 0.10338 ( 2)
 293 E   0.90277 0.00988 0.08629 0.00105 ( 1)
 294 K   0.00759 0.91284 0.00057 0.07900 ( 2)
 295 I   0.00000 0.68271 0.00008 0.31720 ( 2)
 296 F   0.92268 0.00301 0.07405 0.00026 ( 1)
 297 F   0.91664 0.00569 0.07714 0.00054 ( 1)
 298 E   0.32443 0.58173 0.03111 0.06273 ( 2)
 299 D   0.00173 0.92434 0.00012 0.07381 ( 2)
 300 H   0.94278 0.00046 0.05673 0.00003 ( 1)
 301 P   0.00071 0.90337 0.00007 0.09585 ( 2)
 302 H   0.00006 0.64935 0.10357 0.24702 ( 2)
 303 F   0.92268 0.00301 0.07405 0.00026 ( 1)
 304 R   0.87030 0.06215 0.06258 0.00497 ( 1)
 305 D   0.00126 0.83191 0.00035 0.16649 ( 2)
 306 L   0.91997 0.00476 0.07483 0.00044 ( 1)
 307 L   0.80977 0.06975 0.11081 0.00967 ( 1)
 308 E   0.86331 0.06474 0.06630 0.00565 ( 1)
 309 E   0.01734 0.28392 0.59183 0.10691 ( 3)
 310 G   0.82851 0.11460 0.04806 0.00883 ( 1)
 311 K   0.39060 0.51991 0.03594 0.05355 ( 2)
 312 A   0.90645 0.00490 0.08813 0.00051 ( 1)
 313 T   0.94484 0.00081 0.05429 0.00006 ( 1)
 314 I   0.09138 0.81019 0.00971 0.08872 ( 2)
 315 P   0.92421 0.00094 0.07477 0.00008 ( 1)
 316 C   0.10439 0.83344 0.00620 0.05597 ( 2)
 317 L   0.80654 0.07297 0.11038 0.01012 ( 1)
 318 A   0.92918 0.00143 0.06928 0.00012 ( 1)
 319 E   0.00038 0.61181 0.02179 0.36603 ( 2)
 320 K   0.39914 0.50995 0.03748 0.05343 ( 2)
 321 L   0.89833 0.02818 0.07106 0.00243 ( 1)
 322 T   0.93085 0.00104 0.06802 0.00009 ( 1)
 323 S   0.00000 0.86723 0.00000 0.13277 ( 2)
 324 E   0.90304 0.01016 0.08572 0.00108 ( 1)
 325 L   0.92136 0.00339 0.07495 0.00031 ( 1)
 326 I   0.30240 0.59735 0.03219 0.06806 ( 2)
 327 A   0.00274 0.87549 0.00032 0.12145 ( 2)
 328 H   0.90907 0.00387 0.08669 0.00037 ( 1)
 329 I   0.89773 0.01432 0.08648 0.00147 ( 1)
 330 C   0.66976 0.23319 0.07046 0.02659 ( 1)
 331 K   0.92004 0.00407 0.07550 0.00039 ( 1)
 332 S   0.75241 0.18854 0.04473 0.01431 ( 1)
 333 L   0.85380 0.05562 0.08485 0.00573 ( 1)
 334 P   0.92408 0.00121 0.07461 0.00011 ( 1)
 335 L   0.00242 0.84144 0.00264 0.15350 ( 2)
 336 L   0.88584 0.04727 0.06298 0.00391 ( 1)
 337 E   0.90268 0.00984 0.08643 0.00105 ( 1)
 338 N   0.02230 0.49484 0.33404 0.14881 ( 2)
 339 Q   0.91640 0.00497 0.07817 0.00046 ( 1)
 340 I   0.89177 0.01330 0.09346 0.00147 ( 1)
 341 K   0.00344 0.86171 0.01181 0.12304 ( 2)
 342 E   0.00197 0.86645 0.00034 0.13124 ( 2)
 343 S   0.00001 0.80991 0.00002 0.19007 ( 2)
 344 H   0.83668 0.04154 0.11582 0.00595 ( 1)
 345 Q   0.79426 0.12631 0.06786 0.01157 ( 1)
 346 G   0.00001 0.86210 0.00000 0.13789 ( 2)
 347 I   0.00654 0.68999 0.10444 0.19903 ( 2)
 348 T   0.00053 0.56178 0.10632 0.33137 ( 2)
 349 E   0.13461 0.26347 0.52048 0.08143 ( 3)
 350 E   0.90305 0.01015 0.08573 0.00108 ( 1)
 351 L   0.91118 0.00939 0.07856 0.00087 ( 1)
 352 Q   0.91327 0.00804 0.07795 0.00074 ( 1)
 353 K   0.90834 0.00740 0.08350 0.00076 ( 1)
 354 Y   0.92319 0.00271 0.07386 0.00024 ( 1)
 355 G   0.73955 0.13702 0.10227 0.02117 ( 1)
 356 V   0.00000 0.83787 0.00000 0.16213 ( 2)
 357 D   0.69305 0.17963 0.10255 0.02477 ( 1)
 358 I   0.11472 0.80647 0.00903 0.06979 ( 2)
 359 P   0.90706 0.01563 0.07542 0.00189 ( 1)
 360 E   0.06455 0.74440 0.05708 0.13398 ( 2)
 361 D   0.00655 0.75616 0.02215 0.21514 ( 2)
 362 E   0.20219 0.58281 0.06771 0.14730 ( 2)
 363 N   0.00004 0.67830 0.00341 0.31825 ( 2)
 364 E   0.00332 0.85621 0.00058 0.13989 ( 2)
 365 K   0.86855 0.04646 0.08018 0.00480 ( 1)
 366 M   0.00942 0.11966 0.82685 0.04408 ( 3)
 367 F   0.00245 0.59831 0.09601 0.30323 ( 2)
 368 F   0.49400 0.42869 0.03971 0.03760 ( 1)
 369 L   0.88774 0.03869 0.07023 0.00333 ( 1)
 370 I   0.00241 0.62016 0.09326 0.28418 ( 2)
 371 D   0.09113 0.74459 0.02133 0.14294 ( 2)
 372 K   0.36344 0.53843 0.03795 0.06018 ( 2)
 373 I   0.17465 0.72543 0.01842 0.08150 ( 2)
 374 N   0.14309 0.75260 0.01577 0.08855 ( 2)
 375 A   0.00004 0.36130 0.31511 0.32355 ( 2)
 376 F   0.90523 0.00724 0.08680 0.00073 ( 1)
 377 N   0.93129 0.00128 0.06733 0.00011 ( 1)
 378 Q   0.00002 0.84003 0.00001 0.15994 ( 2)
 379 D   0.61239 0.31114 0.04768 0.02879 ( 1)
 380 I   0.07135 0.08171 0.82551 0.02143 ( 3)
 381 T   0.00002 0.92339 0.00000 0.07659 ( 2)
 382 A   0.00000 0.83816 0.00000 0.16184 ( 2)
 383 L   0.00018 0.74204 0.00066 0.25712 ( 2)
 384 I   0.29916 0.58840 0.04439 0.06805 ( 2)
 385 Q   0.00035 0.46092 0.32233 0.21639 ( 2)
 386 G   0.92545 0.01408 0.05939 0.00109 ( 1)
 387 E   0.27265 0.55584 0.06284 0.10866 ( 2)
 388 E   0.90379 0.00954 0.08565 0.00101 ( 1)
 389 T   0.00000 0.63264 0.00000 0.36736 ( 2)
 390 V   0.09044 0.77212 0.01326 0.12419 ( 2)
 391 G   0.00029 0.90032 0.00003 0.09935 ( 2)
 392 E   0.00735 0.91856 0.00050 0.07360 ( 2)
 393 D   0.00120 0.90876 0.00010 0.08994 ( 2)
 394 D   0.02040 0.88243 0.00197 0.09520 ( 2)
 395 S   0.00966 0.88537 0.00106 0.10392 ( 2)
 396 R   0.93095 0.00235 0.06651 0.00020 ( 1)
 397 L   0.87463 0.04499 0.07604 0.00434 ( 1)
 398 F   0.90451 0.00797 0.08671 0.00081 ( 1)
 399 T   0.46012 0.07443 0.45147 0.01398 ( 1)
 400 R   0.87366 0.04984 0.07170 0.00479 ( 1)
 401 L   0.00297 0.83918 0.00039 0.15746 ( 2)
 402 R   0.95245 0.00084 0.04666 0.00005 ( 1)
 403 R   0.00015 0.85129 0.00003 0.14853 ( 2)
 404 E   0.89910 0.01044 0.08927 0.00119 ( 1)
 405 F   0.90717 0.00526 0.08704 0.00054 ( 1)
 406 H   0.00012 0.85232 0.00015 0.14741 ( 2)
 407 K   0.05169 0.86901 0.00379 0.07552 ( 2)
 408 W   0.93696 0.00067 0.06232 0.00005 ( 1)
 409 G   0.02261 0.90286 0.00148 0.07305 ( 2)
 410 I   0.00001 0.77750 0.00037 0.22212 ( 2)
 411 I   0.00000 0.61975 0.00001 0.38025 ( 2)
 412 I   0.45603 0.46322 0.03781 0.04294 ( 2)
 413 E   0.19864 0.67194 0.02947 0.09995 ( 2)
 414 N   0.27635 0.62418 0.02745 0.07202 ( 2)
 415 N   0.02635 0.83920 0.00408 0.13036 ( 2)
 416 L   0.00294 0.47950 0.27631 0.24124 ( 2)
 417 Q   0.00037 0.90754 0.00003 0.09205 ( 2)
 418 E   0.09043 0.81165 0.00865 0.08928 ( 2)
 419 -   0.49132 0.35566 0.08876 0.06425 ( 1)
 420 -   0.49132 0.35566 0.08876 0.06425 ( 1)
 421 G   0.81788 0.12849 0.04440 0.00922 ( 1)
 422 H   0.00013 0.84271 0.00006 0.15711 ( 2)
 423 K   0.00001 0.84001 0.00000 0.15997 ( 2)
 424 I   0.00002 0.79151 0.00015 0.20833 ( 2)
 425 T   0.00026 0.89881 0.00003 0.10090 ( 2)
 426 S   0.00000 0.62137 0.00004 0.37859 ( 2)
 427 R   0.49441 0.44085 0.03172 0.03301 ( 1)
 428 K   0.01749 0.89304 0.00145 0.08802 ( 2)
 429 M   0.51373 0.39361 0.03443 0.05822 ( 1)
 430 Q   0.00000 0.69999 0.00002 0.29998 ( 2)
 431 K   0.03961 0.87322 0.00325 0.08391 ( 2)
 432 F   0.83248 0.09114 0.06814 0.00824 ( 1)
 433 E   0.90399 0.00935 0.08567 0.00099 ( 1)
 434 N   0.71622 0.20321 0.06163 0.01894 ( 1)
 435 Q   0.03239 0.86751 0.00340 0.09670 ( 2)
 436 Y   0.92326 0.00265 0.07387 0.00023 ( 1)
 437 R   0.95851 0.00018 0.04130 0.00001 ( 1)
 438 G   0.93886 0.00084 0.06024 0.00006 ( 1)
 439 R   0.92830 0.00206 0.06946 0.00018 ( 1)
 440 E   0.80643 0.10525 0.07709 0.01123 ( 1)
 441 L   0.67408 0.21897 0.07937 0.02758 ( 1)
 442 P   0.92759 0.00176 0.07049 0.00015 ( 1)
 443 G   0.89784 0.00823 0.09266 0.00126 ( 1)
 444 F   0.91372 0.00758 0.07797 0.00073 ( 1)
 445 V   0.75760 0.13414 0.09224 0.01602 ( 1)
 446 N   0.77336 0.13223 0.07746 0.01694 ( 1)
 447 Y   0.92312 0.00278 0.07385 0.00024 ( 1)
 448 R   0.17060 0.73345 0.01428 0.08167 ( 2)
 449 T   0.92353 0.01783 0.05739 0.00126 ( 1)
 450 F   0.90416 0.00833 0.08667 0.00084 ( 1)
 451 E   0.90249 0.01014 0.08628 0.00108 ( 1)
 452 T   0.00108 0.91042 0.00009 0.08841 ( 2)
 453 I   0.89840 0.01367 0.08653 0.00140 ( 1)
 454 V   0.90787 0.02878 0.06112 0.00223 ( 1)
 455 K   0.91963 0.00446 0.07547 0.00043 ( 1)
 456 Q   0.04982 0.84978 0.00516 0.09524 ( 2)
 457 Q   0.43341 0.48507 0.03698 0.04455 ( 2)
 458 I   0.34340 0.55528 0.03720 0.06412 ( 2)
 459 K   0.00000 0.50151 0.00181 0.49668 ( 2)
 460 A   0.00077 0.77729 0.00145 0.22048 ( 2)
 461 L   0.86303 0.05698 0.07481 0.00518 ( 1)
 462 E   0.90268 0.00984 0.08643 0.00105 ( 1)
 463 E   0.90259 0.01005 0.08628 0.00107 ( 1)
 464 P   0.91150 0.01771 0.06927 0.00151 ( 1)
 465 A   0.90221 0.00913 0.08772 0.00095 ( 1)
 466 V   0.02035 0.40505 0.49574 0.07886 ( 3)
 467 N   0.00763 0.82882 0.01266 0.15089 ( 2)
 468 M   0.08751 0.00122 0.91108 0.00018 ( 3)
 469 L   0.81539 0.06413 0.11158 0.00889 ( 1)
 470 H   0.89372 0.06230 0.04014 0.00384 ( 1)
 471 T   0.13015 0.42080 0.35552 0.09352 ( 2)
 472 V   0.79040 0.11518 0.08195 0.01248 ( 1)
 473 T   0.88431 0.01406 0.09999 0.00164 ( 1)
 474 D   0.00001 0.62300 0.00180 0.37519 ( 2)
 475 M   0.01651 0.18213 0.75608 0.04528 ( 3)
 476 V   0.94220 0.00843 0.04880 0.00057 ( 1)
 477 R   0.00319 0.89491 0.00033 0.10158 ( 2)
 478 L   0.00000 0.89346 0.00000 0.10654 ( 2)
 479 A   0.06445 0.83698 0.00649 0.09209 ( 2)
 480 F   0.90830 0.00408 0.08720 0.00042 ( 1)
 481 T   0.00005 0.85862 0.00001 0.14133 ( 2)
 482 D   0.00298 0.83135 0.00058 0.16509 ( 2)
 483 V   0.24152 0.67485 0.02029 0.06333 ( 2)
 484 S   0.06400 0.73940 0.05790 0.13870 ( 2)
 485 M   0.00000 0.94058 0.00000 0.05942 ( 2)
 486 K   0.00895 0.89714 0.00082 0.09308 ( 2)
 487 N   0.03735 0.86791 0.00382 0.09093 ( 2)
 488 F   0.90390 0.00859 0.08664 0.00087 ( 1)
 489 E   0.00100 0.90162 0.00010 0.09728 ( 2)
 490 E   0.53263 0.39127 0.04162 0.03448 ( 1)
 491 L   0.81847 0.09359 0.07845 0.00949 ( 1)
 492 F   0.00232 0.70990 0.03874 0.24905 ( 2)
 493 N   0.92910 0.00013 0.07075 0.00001 ( 1)
 494 L   0.92057 0.00785 0.07091 0.00067 ( 1)
 495 H   0.03582 0.87452 0.00292 0.08674 ( 2)
 496 R   0.02878 0.78305 0.02144 0.16673 ( 2)
 497 T   0.89546 0.01021 0.09324 0.00109 ( 1)
 498 A   0.52503 0.38393 0.05105 0.03999 ( 1)
