Supplemental results for CODEML (seqf: ../../../Mx_aln.phy  treef: ../../../Mx_branch_outgroup.tree)

I	J	ij	2Ns_IJ	pMut_IJ	pSub_IJ	2Ns_JI	pMut_JI	pSub_JI

TTC	TTT	CT	0.75880	0.03320	0.04738	-0.75880	0.07091	0.04738
TTA	TTT	AT	1.94513	0.00294	0.00668	-1.94513	0.02059	0.00668
TTA	TTC	AC	1.18634	0.00690	0.01178	-1.18634	0.02260	0.01178
TTG	TTT	GT	0.86778	0.00716	0.01071	-0.86778	0.01705	0.01071
TTG	TTC	GC	0.10898	0.01679	0.01772	-0.10898	0.01872	0.01772
TTG	TTA	GA	-1.07735	0.03983	0.02215	1.07735	0.01356	0.02215
TCT	TTT	CT	1.58352	0.01455	0.02900	-1.58352	0.07091	0.02900
TCC	TTC	CT	1.25070	0.02229	0.03906	-1.25070	0.07784	0.03906
TCC	TCT	CT	0.42597	0.02229	0.02737	-0.42597	0.03412	0.02737
TCA	TTA	CT	0.47399	0.01228	0.01542	-0.47399	0.01973	0.01542
TCA	TCT	AT	0.83560	0.00430	0.00634	-0.83560	0.00991	0.00634
TCA	TCC	AC	0.40963	0.01007	0.01227	-0.40963	0.01517	0.01227
TCG	TTG	CT	1.95067	0.00682	0.01551	-1.95067	0.04799	0.01551
TCG	TCT	GT	1.23493	0.00239	0.00416	-1.23493	0.00821	0.00416
TCG	TCC	GC	0.80896	0.00560	0.00816	-0.80896	0.01256	0.00816
TCG	TCA	GA	0.39933	0.01328	0.01610	-0.39933	0.01979	0.01610
TAT	TTT	AT	1.32195	0.00549	0.00989	-1.32195	0.02059	0.00989
TAT	TCT	AC	-0.26158	0.01287	0.01126	0.26158	0.00991	0.01126
TAC	TTC	AT	0.89572	0.00923	0.01397	-0.89572	0.02260	0.01397
TAC	TCC	AC	-0.35498	0.02163	0.01802	0.35498	0.01517	0.01802
TAC	TAT	CT	0.33257	0.02638	0.03101	-0.33257	0.03679	0.03101
TGT	TTT	GT	1.81224	0.00278	0.00603	-1.81224	0.01705	0.00603
TGT	TCT	GC	0.22872	0.00653	0.00730	-0.22872	0.00821	0.00730
TGT	TAT	GA	0.49030	0.01549	0.01959	-0.49030	0.02529	0.01959
TGC	TTC	GT	1.19817	0.00565	0.00969	-1.19817	0.01872	0.00969
TGC	TCC	GC	-0.05253	0.01324	0.01290	0.05253	0.01256	0.01290
TGC	TAC	GA	0.30245	0.03142	0.03641	-0.30245	0.04252	0.03641
TGC	TGT	CT	0.14472	0.01615	0.01734	-0.14472	0.01866	0.01734
TGG	TTG	GT	1.21585	0.00342	0.00591	-1.21585	0.01154	0.00591
TGG	TCG	GC	-0.73482	0.00802	0.00543	0.73482	0.00385	0.00543
TGG	TGT	GT	0.27139	0.00342	0.00391	-0.27139	0.00449	0.00391
TGG	TGC	GC	0.12667	0.00802	0.00854	-0.12667	0.00910	0.00854
CTT	TTT	CT	1.17806	0.02183	0.03716	-1.17806	0.07091	0.03716
CTC	TTC	CT	1.02348	0.02797	0.04469	-1.02348	0.07784	0.04469
CTC	CTT	CT	0.60422	0.02797	0.03727	-0.60422	0.05119	0.03727
CTA	TTA	CT	0.57115	0.01114	0.01463	-0.57115	0.01973	0.01463
CTA	CTT	AT	1.33823	0.00390	0.00707	-1.33823	0.01486	0.00707
CTA	CTC	AC	0.73401	0.00914	0.01290	-0.73401	0.01904	0.01290
CTG	TTG	CT	-0.67400	0.09415	0.06596	0.67400	0.04799	0.06596
CTG	CTT	GT	-0.98428	0.03293	0.01934	0.98428	0.01231	0.01934
CTG	CTC	GC	-1.58850	0.07721	0.03148	1.58850	0.01577	0.03148
CTG	CTA	GA	-2.32251	0.18321	0.04624	2.32251	0.01796	0.04624
CCT	TCT	CT	0.51113	0.02047	0.02614	-0.51113	0.03412	0.02614
CCT	CTT	CT	0.91659	0.02047	0.03126	-0.91659	0.05119	0.03126
CCC	TCC	CT	1.06758	0.01797	0.02923	-1.06758	0.05225	0.02923
CCC	CTC	CT	1.29479	0.01797	0.03204	-1.29479	0.06558	0.03204
CCC	CCT	CT	0.98242	0.01797	0.02821	-0.98242	0.04799	0.02821
CCA	TCA	CT	0.57836	0.01615	0.02126	-0.57836	0.02879	0.02126
CCA	CTA	CT	0.48120	0.01615	0.02034	-0.48120	0.02613	0.02034
CCA	CCT	AT	0.90283	0.00565	0.00858	-0.90283	0.01393	0.00858
CCA	CCC	AC	-0.07958	0.01324	0.01272	0.07958	0.01223	0.01272
CCG	TCG	CT	1.16221	0.00500	0.00846	-1.16221	0.01600	0.00846
CCG	CTG	CT	3.78688	0.00500	0.01939	-3.78688	0.22074	0.01939
CCG	CCT	GT	1.88601	0.00175	0.00389	-1.88601	0.01154	0.00389
CCG	CCC	GC	0.90359	0.00410	0.00623	-0.90359	0.01013	0.00623
CCG	CCA	GA	0.98318	0.00974	0.01529	-0.98318	0.02602	0.01529
CAT	TAT	CT	1.07883	0.01251	0.02045	-1.07883	0.03679	0.02045
CAT	CTT	AT	1.22272	0.00438	0.00758	-1.22272	0.01486	0.00758
CAT	CCT	AC	0.30612	0.01026	0.01191	-0.30612	0.01393	0.01191
CAC	TAC	CT	0.80986	0.02752	0.04015	-0.80986	0.06185	0.04015
CAC	CTC	AT	0.68210	0.00963	0.01328	-0.68210	0.01904	0.01328
CAC	CCC	AC	-0.61270	0.02257	0.01636	0.61270	0.01223	0.01636
CAC	CAT	CT	0.06360	0.02752	0.02840	-0.06360	0.02932	0.02840
CAA	CTA	AT	-0.27079	0.00994	0.00866	0.27079	0.00758	0.00866
CAA	CCA	AC	-0.75199	0.02331	0.01564	0.75199	0.01099	0.01564
CAA	CAT	AT	-0.15528	0.00994	0.00919	0.15528	0.00851	0.00919
CAA	CAC	AC	-0.21888	0.02331	0.02085	0.21888	0.01873	0.02085
CAG	CTG	AT	0.80547	0.02864	0.04170	-0.80547	0.06408	0.04170
CAG	CCG	AC	-2.98141	0.06714	0.01070	2.98141	0.00341	0.01070
CAG	CAT	GT	-1.40153	0.02864	0.01311	1.40153	0.00705	0.01311
CAG	CAC	GC	-1.46513	0.06714	0.02956	1.46513	0.01551	0.02956
CAG	CAA	GA	-1.24625	0.15931	0.08014	1.24625	0.04581	0.08014
CGT	TGT	CT	1.31636	0.00500	0.00900	-1.31636	0.01866	0.00900
CGT	CTT	GT	1.95055	0.00175	0.00398	-1.95055	0.01231	0.00398
CGT	CCT	GC	1.03395	0.00410	0.00658	-1.03395	0.01154	0.00658
CGT	CAT	GA	0.72783	0.00974	0.01370	-0.72783	0.02016	0.01370
CGC	TGC	CT	1.24353	0.01092	0.01908	-1.24353	0.03786	0.01908
CGC	CTC	GT	1.41823	0.00382	0.00715	-1.41823	0.01577	0.00715
CGC	CCC	GC	0.12343	0.00895	0.00952	-0.12343	0.01013	0.00952
CGC	CAC	GA	0.73613	0.02124	0.03001	-0.73613	0.04435	0.03001
CGC	CGT	CT	0.07190	0.01092	0.01131	-0.07190	0.01173	0.01131
CGA	CTA	GT	0.87256	0.00263	0.00393	-0.87256	0.00628	0.00393
CGA	CCA	GC	0.39136	0.00615	0.00744	-0.39136	0.00910	0.00744
CGA	CAA	GA	1.14335	0.01460	0.02451	-1.14335	0.04581	0.02451
CGA	CGT	AT	0.26024	0.00263	0.00298	-0.26024	0.00341	0.00298
CGA	CGC	AC	0.18834	0.00615	0.00675	-0.18834	0.00743	0.00675
CGG	TGG	CT	-0.06888	0.02456	0.02373	0.06888	0.02293	0.02373
CGG	CTG	GT	1.82098	0.00859	0.01867	-1.82098	0.05308	0.01867
CGG	CCG	GC	-1.96590	0.02014	0.00645	1.96590	0.00282	0.00645
CGG	CAG	GA	1.01551	0.04779	0.07610	-1.01551	0.13195	0.07610
CGG	CGT	GT	-1.11385	0.00859	0.00468	1.11385	0.00282	0.00468
CGG	CGC	GC	-1.18574	0.02014	0.01051	1.18574	0.00615	0.01051
CGG	CGA	GA	-1.37408	0.04779	0.02225	1.37408	0.01210	0.02225
ATT	TTT	AT	0.43806	0.01328	0.01641	-0.43806	0.02059	0.01641
ATT	CTT	AC	-0.74000	0.03115	0.02103	0.74000	0.01486	0.02103
ATC	TTC	AT	-0.16780	0.02673	0.02455	0.16780	0.02260	0.02455
ATC	CTC	AC	-1.19128	0.06266	0.03258	1.19128	0.01904	0.03258
ATC	ATT	CT	0.15294	0.07641	0.08241	-0.15294	0.08904	0.08241
ATA	TTA	AT	-0.41473	0.00867	0.00700	0.41473	0.00573	0.00700
ATA	CTA	AC	-0.98588	0.02033	0.01193	0.98588	0.00758	0.01193
ATA	ATT	AT	1.09235	0.00867	0.01425	-1.09235	0.02585	0.01425
ATA	ATC	AC	0.93941	0.02033	0.03135	-0.93941	0.05201	0.03135
ATG	TTG	AT	0.26767	0.01066	0.01215	-0.26767	0.01393	0.01215
ATG	CTG	AC	0.94167	0.02499	0.03858	-0.94167	0.06408	0.03858
ATG	ATT	GT	0.69740	0.01066	0.01481	-0.69740	0.02141	0.01481
ATG	ATC	GC	0.54446	0.02499	0.03241	-0.54446	0.04308	0.03241
ATG	ATA	GA	-0.39495	0.05930	0.04836	0.39495	0.03995	0.04836
ACT	TCT	AT	0.45514	0.00628	0.00782	-0.45514	0.00991	0.00782
ACT	CCT	AC	-0.05599	0.01473	0.01433	0.05599	0.01393	0.01433
ACT	ATT	CT	1.60060	0.01797	0.03603	-1.60060	0.08904	0.03603
ACC	TCC	AT	0.33802	0.01082	0.01275	-0.33802	0.01517	0.01275
ACC	CCC	AC	-0.72956	0.02536	0.01723	0.72956	0.01223	0.01723
ACC	ATC	CT	1.75651	0.03093	0.06566	-1.75651	0.17915	0.06566
ACC	ACT	CT	0.30885	0.03093	0.03595	-0.30885	0.04212	0.03595
ACA	TCA	AT	-0.03666	0.00867	0.00851	0.03666	0.00836	0.00851
ACA	CCA	AC	-0.61502	0.02033	0.01471	0.61502	0.01099	0.01471
ACA	ATA	CT	0.85206	0.02479	0.03683	-0.85206	0.05812	0.03683
ACA	ACT	AT	0.34380	0.00867	0.01025	-0.34380	0.01223	0.01025
ACA	ACC	AC	0.03495	0.02033	0.02069	-0.03495	0.02105	0.02069
ACG	TCG	AT	0.19570	0.00382	0.00420	-0.19570	0.00464	0.00420
ACG	CCG	AC	-0.96651	0.00895	0.00531	0.96651	0.00341	0.00531
ACG	ATG	CT	1.87869	0.01092	0.02421	-1.87869	0.07145	0.02421
ACG	ACT	GT	0.97549	0.00382	0.00598	-0.97549	0.01013	0.00598
ACG	ACC	GC	0.66664	0.00895	0.01227	-0.66664	0.01744	0.01227
ACG	ACA	GA	0.63169	0.02124	0.02865	-0.63169	0.03995	0.02865
AAT	TAT	AT	-0.20006	0.01305	0.01178	0.20006	0.01068	0.01178
AAT	CAT	AC	-1.27889	0.03059	0.01509	1.27889	0.00851	0.01509
AAT	ATT	AT	0.68383	0.01305	0.01801	-0.68383	0.02585	0.01801
AAT	ACT	AC	-0.91677	0.03059	0.01868	0.91677	0.01223	0.01868
AAC	TAC	AT	0.64017	0.00947	0.01282	-0.64017	0.01796	0.01282
AAC	CAC	AC	-0.16969	0.02219	0.02036	0.16969	0.01873	0.02036
AAC	ATC	AT	1.70369	0.00947	0.01972	-1.70369	0.05201	0.01972
AAC	ACC	AC	-0.05282	0.02219	0.02161	0.05282	0.02105	0.02161
AAC	AAT	CT	1.17280	0.02706	0.04597	-1.17280	0.08744	0.04597
AAA	CAA	AC	-0.94529	0.04980	0.02991	0.94529	0.01935	0.02991
AAA	ATA	AT	-0.23020	0.02124	0.01889	0.23020	0.01687	0.01889
AAA	ACA	AC	-1.08225	0.04980	0.02762	1.08225	0.01687	0.02762
AAA	AAT	AT	0.17832	0.02124	0.02319	-0.17832	0.02539	0.02319
AAA	AAC	AC	-0.99448	0.04980	0.02907	0.99448	0.01842	0.02907
AAG	CAG	AC	-0.21645	0.06919	0.06197	0.21645	0.05573	0.06197
AAG	ATG	AT	-0.35266	0.02951	0.02461	0.35266	0.02074	0.02461
AAG	ACG	AC	-2.23135	0.06919	0.01857	2.23135	0.00743	0.01857
AAG	AAT	GT	-0.33909	0.02951	0.02479	0.33909	0.02103	0.02479
AAG	AAC	GC	-1.51189	0.06919	0.02959	1.51189	0.01526	0.02959
AAG	AAA	GA	-0.51741	0.16418	0.12535	0.51741	0.09786	0.12535
AGT	TGT	AT	-0.24486	0.00692	0.00611	0.24486	0.00542	0.00611
AGT	CGT	AC	-1.56122	0.01623	0.00673	1.56122	0.00341	0.00673
AGT	ATT	GT	1.12933	0.00692	0.01155	-1.12933	0.02141	0.01155
AGT	ACT	GC	-0.47127	0.01623	0.01270	0.47127	0.01013	0.01270
AGT	AAT	GA	0.44550	0.03850	0.04771	-0.44550	0.06011	0.04771
AGC	TGC	AT	-0.10205	0.01217	0.01156	0.10205	0.01099	0.01156
AGC	CGC	AC	-1.34559	0.02853	0.01352	1.34559	0.00743	0.01352
AGC	ATC	GT	1.26392	0.01217	0.02144	-1.26392	0.04308	0.02144
AGC	ACC	GC	-0.49260	0.02853	0.02208	0.49260	0.01744	0.02208
AGC	AAC	GA	-0.43978	0.06771	0.05391	0.43978	0.04362	0.05391
AGC	AGT	CT	0.28753	0.03480	0.04004	-0.28753	0.04639	0.04004
AGA	CGA	AC	-1.58768	0.02499	0.01019	1.58768	0.00511	0.01019
AGA	ATA	GT	0.27075	0.01066	0.01217	-0.27075	0.01397	0.01217
AGA	ACA	GC	-0.58131	0.02499	0.01843	0.58131	0.01397	0.01843
AGA	AAA	GA	0.50095	0.05930	0.07539	-0.50095	0.09786	0.07539
AGA	AGT	AT	0.23377	0.01066	0.01195	-0.23377	0.01347	0.01195
AGA	AGC	AC	-0.05375	0.02499	0.02433	0.05375	0.02368	0.02433
AGG	TGG	AT	0.00806	0.00660	0.00663	-0.00806	0.00666	0.00663
AGG	CGG	AC	0.07694	0.01548	0.01608	-0.07694	0.01672	0.01608
AGG	ATG	GT	0.95624	0.00660	0.01026	-0.95624	0.01718	0.01026
AGG	ACG	GC	-0.92245	0.01548	0.00942	0.92245	0.00615	0.00942
AGG	AAG	GA	1.30890	0.03673	0.06587	-1.30890	0.13598	0.06587
AGG	AGT	GT	0.52431	0.00660	0.00848	-0.52431	0.01115	0.00848
AGG	AGC	GC	0.23678	0.01548	0.01738	-0.23678	0.01962	0.01738
AGG	AGA	GA	0.29054	0.03673	0.04232	-0.29054	0.04911	0.04232
GTT	TTT	GT	1.25672	0.00485	0.00852	-1.25672	0.01705	0.00852
GTT	CTT	GC	0.07866	0.01138	0.01183	-0.07866	0.01231	0.01183
GTT	ATT	GA	0.81866	0.02699	0.03954	-0.81866	0.06121	0.03954
GTC	TTC	GT	0.62457	0.01002	0.01348	-0.62457	0.01872	0.01348
GTC	CTC	GC	-0.39891	0.02350	0.01912	0.39891	0.01577	0.01912
GTC	ATC	GA	0.79237	0.05576	0.08074	-0.79237	0.12315	0.08074
GTC	GTT	CT	0.12665	0.02866	0.03051	-0.12665	0.03252	0.03051
GTA	TTA	GT	0.32696	0.00342	0.00401	-0.32696	0.00474	0.00401
GTA	CTA	GC	-0.24419	0.00802	0.00708	0.24419	0.00628	0.00708
GTA	ATA	GA	0.74169	0.01903	0.02695	-0.74169	0.03995	0.02695
GTA	GTT	AT	1.01538	0.00342	0.00545	-1.01538	0.00944	0.00545
GTA	GTC	AC	0.88873	0.00802	0.01210	-0.88873	0.01950	0.01210
GTG	TTG	GT	-0.53638	0.01973	0.01491	0.53638	0.01154	0.01491
GTG	CTG	GC	0.13762	0.04625	0.04951	-0.13762	0.05308	0.04951
GTG	ATG	GA	-0.80405	0.10975	0.07148	0.80405	0.04911	0.07148
GTG	GTT	GT	-0.92531	0.01973	0.01199	0.92531	0.00782	0.01199
GTG	GTC	GC	-1.05196	0.04625	0.02611	1.05196	0.01615	0.02611
GTG	GTA	GA	-1.94069	0.10975	0.03571	1.94069	0.01576	0.03571
GCT	TCT	GT	-0.40730	0.01233	0.00999	0.40730	0.00821	0.00999
GCT	CCT	GC	-0.91843	0.02891	0.01764	0.91843	0.01154	0.01764
GCT	ACT	GA	-0.86244	0.06859	0.04321	0.86244	0.02895	0.04321
GCT	GTT	CT	-0.08050	0.03525	0.03385	0.08050	0.03252	0.03385
GCC	TCC	GT	-0.10827	0.01400	0.01326	0.10827	0.01256	0.01326
GCC	CCC	GC	-1.17585	0.03282	0.01722	1.17585	0.01013	0.01722
GCC	ACC	GA	-0.44629	0.07789	0.06179	0.44629	0.04985	0.06179
GCC	GTC	CT	0.51785	0.04003	0.05128	-0.51785	0.06718	0.05128
GCC	GCT	CT	0.72500	0.04003	0.05627	-0.72500	0.08264	0.05627
GCA	TCA	GT	-0.08765	0.00756	0.00723	0.08765	0.00692	0.00723
GCA	CCA	GC	-0.66601	0.01772	0.01247	0.66601	0.00910	0.01247
GCA	ACA	GA	-0.05099	0.04204	0.04098	0.05099	0.03995	0.04098
GCA	GTA	CT	0.05938	0.02161	0.02225	-0.05938	0.02293	0.02225
GCA	GCT	AT	1.15525	0.00756	0.01274	-1.15525	0.02399	0.01274
GCA	GCC	AC	0.43025	0.01772	0.02180	-0.43025	0.02724	0.02180
GCG	TCG	GT	0.78740	0.00175	0.00253	-0.78740	0.00385	0.00253
GCG	CCG	GC	-0.37481	0.00410	0.00338	0.37481	0.00282	0.00338
GCG	ACG	GA	0.59170	0.00974	0.01290	-0.59170	0.01759	0.01290
GCG	GTG	CT	3.27444	0.00500	0.01703	-3.27444	0.13223	0.01703
GCG	GCT	GT	2.42963	0.00175	0.00466	-2.42963	0.01987	0.00466
GCG	GCC	GC	1.70463	0.00410	0.00855	-1.70463	0.02256	0.00855
GCG	GCA	GA	1.27437	0.00974	0.01722	-1.27437	0.03482	0.01722
GAT	TAT	GT	-0.40064	0.01321	0.01074	0.40064	0.00885	0.01074
GAT	CAT	GC	-1.47947	0.03096	0.01351	1.47947	0.00705	0.01351
GAT	AAT	GA	-0.20058	0.07346	0.06634	0.20058	0.06011	0.06634
GAT	GTT	AT	-0.33541	0.01321	0.01111	0.33541	0.00944	0.01111
GAT	GCT	AC	-0.25492	0.03096	0.02718	0.25492	0.02399	0.02718
GAC	TAC	GT	-0.40396	0.02227	0.01808	0.40396	0.01487	0.01808
GAC	CAC	GC	-1.21381	0.05222	0.02679	1.21381	0.01551	0.02679
GAC	AAC	GA	-1.04413	0.12391	0.07028	1.04413	0.04362	0.07028
GAC	GTC	AT	-0.13280	0.02227	0.02083	0.13280	0.01950	0.02083
GAC	GCC	AC	-0.65066	0.05222	0.03706	0.65066	0.02724	0.03706
GAC	GAT	CT	0.32925	0.06368	0.07474	-0.32925	0.08851	0.07474
GAA	CAA	GC	-1.35163	0.06192	0.02922	1.35163	0.01603	0.02922
GAA	AAA	GA	-0.40635	0.14692	0.11909	0.40635	0.09786	0.11909
GAA	GTA	AT	-1.37823	0.02641	0.01226	1.37823	0.00666	0.01226
GAA	GCA	AC	-1.43761	0.06192	0.02773	1.43761	0.01471	0.02773
GAA	GAT	AT	-0.02744	0.02641	0.02605	0.02744	0.02570	0.02605
GAA	GAC	AC	-0.35670	0.06192	0.05153	0.35670	0.04334	0.05153
GAG	CAG	GC	-0.54783	0.07982	0.05994	0.54783	0.04615	0.05994
GAG	AAG	GA	-0.33138	0.18940	0.15975	0.33138	0.13598	0.15975
GAG	GTG	AT	0.12001	0.03405	0.03613	-0.12001	0.03839	0.03613
GAG	GCG	AC	-3.15443	0.07982	0.01122	3.15443	0.00341	0.01122
GAG	GAT	GT	-0.46989	0.03405	0.02667	0.46989	0.02128	0.02667
GAG	GAC	GC	-0.79915	0.07982	0.05213	0.79915	0.03590	0.05213
GAG	GAA	GA	-0.44245	0.18940	0.15058	0.44245	0.12168	0.15058
GGT	TGT	GT	-0.04495	0.00469	0.00459	0.04495	0.00449	0.00459
GGT	CGT	GC	-1.36131	0.01100	0.00516	1.36131	0.00282	0.00516
GGT	AGT	GA	0.19991	0.02611	0.02881	-0.19991	0.03189	0.02881
GGT	GTT	GT	0.51058	0.00469	0.00599	-0.51058	0.00782	0.00599
GGT	GCT	GC	0.59107	0.01100	0.01457	-0.59107	0.01987	0.01457
GGT	GAT	GA	0.84599	0.02611	0.03869	-0.84599	0.06084	0.03869
GGC	TGC	GT	-0.07226	0.00978	0.00944	0.07226	0.00910	0.00944
GGC	CGC	GC	-1.31580	0.02294	0.01107	1.31580	0.00615	0.01107
GGC	AGC	GA	0.02979	0.05443	0.05525	-0.02979	0.05608	0.05525
GGC	GTC	GT	0.50134	0.00978	0.01244	-0.50134	0.01615	0.01244
GGC	GCC	GC	-0.01651	0.02294	0.02275	0.01651	0.02256	0.02275
GGC	GAC	GA	0.63414	0.05443	0.07350	-0.63414	0.10263	0.07350
GGC	GGT	CT	0.11741	0.02797	0.02965	-0.11741	0.03146	0.02965
GGA	CGA	GC	-1.40009	0.01716	0.00786	1.40009	0.00423	0.00786
GGA	AGA	GA	0.18759	0.04071	0.04465	-0.18759	0.04911	0.04465
GGA	GTA	GT	-0.28335	0.00732	0.00633	0.28335	0.00551	0.00633
GGA	GCA	GC	-0.34273	0.01716	0.01439	0.34273	0.01218	0.01439
GGA	GAA	GA	1.09489	0.04071	0.06699	-1.09489	0.12168	0.06699
GGA	GGT	AT	0.22145	0.00732	0.00816	-0.22145	0.00913	0.00816
GGA	GGC	AC	0.10404	0.01716	0.01807	-0.10404	0.01904	0.01807
GGG	TGG	GT	-0.32591	0.00764	0.00646	0.32591	0.00551	0.00646
GGG	CGG	GC	-0.25703	0.01790	0.01570	0.25703	0.01385	0.01570
GGG	AGG	GA	-0.33397	0.04248	0.03578	0.33397	0.03042	0.03578
GGG	GTG	GT	1.42632	0.00764	0.01434	-1.42632	0.03179	0.01434
GGG	GCG	GC	-1.84812	0.01790	0.00619	1.84812	0.00282	0.00619
GGG	GAG	GA	1.30631	0.04248	0.07611	-1.30631	0.15687	0.07611
GGG	GGT	GT	-0.00957	0.00764	0.00760	0.00957	0.00756	0.00760
GGG	GGC	GC	-0.12698	0.01790	0.01679	0.12698	0.01577	0.01679
GGG	GGA	GA	-0.23102	0.04248	0.03776	0.23102	0.03372	0.03776


Histograms
2Ns	FMut	FSub(CodonUsage)	FSubw(after w)

-3.60655	0.01462	0.00149
-3.24590	0.01405	0.00218
-2.88524	0.00445	0.00082
-2.52459	0.00132	0.00036
-2.16393	0.01672	0.00500
-1.80328	0.04210	0.01705
-1.44262	0.08748	0.04651
-1.08197	0.13820	0.08918
-0.72131	0.12580	0.09970
-0.36066	0.17682	0.16971
0.00000	0.11709	0.13598
0.36066	0.12210	0.16971
0.72131	0.06113	0.09970
1.08197	0.04697	0.08918
1.44262	0.02154	0.04651
1.80328	0.00672	0.01705
2.16393	0.00168	0.00500
2.52459	0.00012	0.00036
2.88524	0.00023	0.00082
3.24590	0.00056	0.00218
3.60655	0.00033	0.00149

Proportion of advantageous (S > 0) mutations:
 0.31716

Proportions of good & bad mutations (|S| > 2.0000) among mutations:
0.00291  0.05115

mean |Ns| = 0.86396	mean Ns+ = 0.61254	mean Ns- = -0.98073


MLEs of dN/dS (w) for site classes (K=4)

site class             0        1       2a       2b
proportion       0.53001  0.42906  0.02262  0.01831
background w     0.08580  1.00000  0.08580  1.00000
foreground w     0.08580  1.00000  1.00000  1.00000

Naive Empirical Bayes (NEB) probabilities for 4 classes
(amino acids refer to 1st sequence: Rhesus_macaque_Mx)

   1 I   0.00566 0.95296 0.00070 0.04067 ( 2)
   2 V   0.00003 0.95903 0.00000 0.04093 ( 2)
   3 K   0.28555 0.68139 0.00398 0.02908 ( 2)
   4 A   0.00005 0.95902 0.00000 0.04093 ( 2)
   5 D   0.03635 0.92286 0.00140 0.03939 ( 2)
   6 P   0.00051 0.95852 0.00007 0.04091 ( 2)
   7 A   0.00008 0.95885 0.00015 0.04092 ( 2)
   8 A   0.00018 0.95883 0.00007 0.04092 ( 2)
   9 A   0.00864 0.94964 0.00119 0.04053 ( 2)
  10 S   0.00000 0.95907 0.00000 0.04093 ( 2)
  11 Q   0.15726 0.80743 0.00085 0.03446 ( 2)
  12 P   0.08878 0.75527 0.12371 0.03223 ( 2)
  13 L   0.00589 0.95327 0.00015 0.04068 ( 2)
  14 L   0.01693 0.93687 0.00622 0.03998 ( 2)
  15 L   0.23092 0.69071 0.04888 0.02948 ( 2)
  16 N   0.01031 0.93473 0.01506 0.03989 ( 2)
  17 G   0.00959 0.94839 0.00154 0.04048 ( 2)
  18 D   0.00001 0.95906 0.00000 0.04093 ( 2)
  19 A   0.00008 0.95897 0.00002 0.04093 ( 2)
  20 D   0.00102 0.95801 0.00009 0.04089 ( 2)
  21 V   0.00001 0.95903 0.00002 0.04093 ( 2)
  22 A   0.00407 0.95219 0.00310 0.04064 ( 2)
  23 Q   0.73713 0.24223 0.01029 0.01034 ( 1)
  24 K   0.16548 0.79452 0.00608 0.03391 ( 2)
  25 S   0.00000 0.95907 0.00000 0.04093 ( 2)
  26 P   0.00001 0.95905 0.00000 0.04093 ( 2)
  27 G   0.00021 0.95885 0.00002 0.04092 ( 2)
  28 S   0.00076 0.95730 0.00109 0.04086 ( 2)
  29 V   0.00169 0.95720 0.00026 0.04085 ( 2)
  30 A   0.00049 0.95856 0.00004 0.04091 ( 2)
  31 E   0.00217 0.95695 0.00004 0.04084 ( 2)
  32 N   0.00039 0.95866 0.00004 0.04091 ( 2)
  33 N   0.62662 0.32153 0.03813 0.01372 ( 1)
  34 L   0.91883 0.06077 0.01780 0.00259 ( 1)
  35 C   0.19203 0.76088 0.01461 0.03247 ( 2)
  36 S   0.81167 0.13017 0.05261 0.00556 ( 1)
  37 Q   0.82915 0.15319 0.01112 0.00654 ( 1)
  38 Y   0.98811 0.00350 0.00823 0.00015 ( 1)
  39 E   0.84728 0.13386 0.01315 0.00571 ( 1)
  40 E   0.30383 0.66179 0.00613 0.02824 ( 2)
  41 K   0.97812 0.00944 0.01204 0.00040 ( 1)
  42 V   0.69613 0.16615 0.13063 0.00709 ( 1)
  43 R   0.96733 0.02285 0.00884 0.00098 ( 1)
  44 P   0.99140 0.00138 0.00716 0.00006 ( 1)
  45 C   0.99347 0.00088 0.00561 0.00004 ( 1)
  46 I   0.96984 0.01632 0.01314 0.00070 ( 1)
  47 D   0.98692 0.00359 0.00934 0.00015 ( 1)
  48 L   0.98609 0.00416 0.00958 0.00018 ( 1)
  49 I   0.81124 0.16823 0.01335 0.00718 ( 1)
  50 D   0.98720 0.00363 0.00902 0.00015 ( 1)
  51 S   0.08574 0.72785 0.15534 0.03106 ( 2)
  52 L   0.87915 0.09688 0.01984 0.00413 ( 1)
  53 R   0.98740 0.00296 0.00952 0.00013 ( 1)
  54 A   0.06835 0.89272 0.00083 0.03810 ( 2)
  55 L   0.93880 0.04479 0.01449 0.00191 ( 1)
  56 G   0.97663 0.01603 0.00665 0.00068 ( 1)
  57 V   0.73021 0.13260 0.13153 0.00566 ( 1)
  58 E   0.84589 0.13406 0.01433 0.00572 ( 1)
  59 Q   0.29867 0.61609 0.05895 0.02629 ( 2)
  60 D   0.98720 0.00363 0.00902 0.00015 ( 1)
  61 L   0.87305 0.10281 0.01975 0.00439 ( 1)
  62 A   0.05946 0.89486 0.00749 0.03819 ( 2)
  63 L   0.91124 0.06824 0.01761 0.00291 ( 1)
  64 P   0.99158 0.00106 0.00731 0.00005 ( 1)
  65 A   0.98725 0.00401 0.00856 0.00017 ( 1)
  66 I   0.96423 0.02066 0.01422 0.00088 ( 1)
  67 A   0.98534 0.00548 0.00894 0.00023 ( 1)
  68 V   0.98904 0.00188 0.00900 0.00008 ( 1)
  69 I   0.96788 0.01790 0.01345 0.00076 ( 1)
  70 G   0.99293 0.00080 0.00623 0.00003 ( 1)
  71 D   0.98720 0.00363 0.00902 0.00015 ( 1)
  72 Q   0.77820 0.19998 0.01328 0.00854 ( 1)
  73 S   0.97669 0.01506 0.00762 0.00064 ( 1)
  74 S   0.98885 0.00330 0.00771 0.00014 ( 1)
  75 G   0.99289 0.00092 0.00616 0.00004 ( 1)
  76 K   0.97933 0.00850 0.01181 0.00036 ( 1)
  77 S   0.99180 0.00146 0.00667 0.00006 ( 1)
  78 S   0.99093 0.00165 0.00736 0.00007 ( 1)
  79 V   0.77416 0.19963 0.01769 0.00852 ( 1)
  80 L   0.94129 0.04179 0.01514 0.00178 ( 1)
  81 E   0.97301 0.01290 0.01353 0.00055 ( 1)
  82 A   0.98672 0.00411 0.00899 0.00018 ( 1)
  83 L   0.88464 0.09197 0.01947 0.00393 ( 1)
  84 S   0.98931 0.00290 0.00767 0.00012 ( 1)
  85 G   0.99279 0.00088 0.00629 0.00004 ( 1)
  86 V   0.99327 0.00080 0.00589 0.00003 ( 1)
  87 A   0.83758 0.13938 0.01709 0.00595 ( 1)
  88 L   0.98525 0.00457 0.00998 0.00020 ( 1)
  89 P   0.99140 0.00138 0.00716 0.00006 ( 1)
  90 R   0.99244 0.00107 0.00645 0.00005 ( 1)
  91 G   0.97184 0.01896 0.00839 0.00081 ( 1)
  92 S   0.80035 0.13431 0.05960 0.00573 ( 1)
  93 G   0.99334 0.00066 0.00598 0.00003 ( 1)
  94 I   0.82847 0.15132 0.01375 0.00646 ( 1)
  95 V   0.98010 0.01208 0.00731 0.00052 ( 1)
  96 T   0.99228 0.00120 0.00647 0.00005 ( 1)
  97 R   0.98773 0.00202 0.01017 0.00009 ( 1)
  98 C   0.99425 0.00065 0.00507 0.00003 ( 1)
  99 P   0.99014 0.00217 0.00760 0.00009 ( 1)
 100 L   0.90999 0.06664 0.02052 0.00284 ( 1)
 101 V   0.67448 0.18343 0.13426 0.00783 ( 1)
 102 L   0.93750 0.04605 0.01448 0.00197 ( 1)
 103 K   0.92702 0.06010 0.01031 0.00257 ( 1)
 104 L   0.90799 0.06952 0.01952 0.00297 ( 1)
 105 K   0.89432 0.09102 0.01078 0.00388 ( 1)
 106 K   0.91014 0.07644 0.01015 0.00326 ( 1)
 107 L   0.41371 0.49033 0.07503 0.02093 ( 2)
 108 V   0.00000 0.95907 0.00000 0.04093 ( 2)
 109 N   0.00013 0.95892 0.00002 0.04093 ( 2)
 110 -   0.53001 0.42906 0.02262 0.01831 ( 1)
 111 E   0.00841 0.93453 0.01718 0.03989 ( 2)
 112 D   0.02515 0.92610 0.00923 0.03953 ( 2)
 113 E   0.25464 0.71139 0.00361 0.03036 ( 2)
 114 W   0.99410 0.00098 0.00488 0.00004 ( 1)
 115 R   0.13875 0.81391 0.01260 0.03474 ( 2)
 116 G   0.99258 0.00104 0.00634 0.00004 ( 1)
 117 K   0.42174 0.54838 0.00648 0.02340 ( 2)
 118 V   0.89068 0.01917 0.08933 0.00082 ( 1)
 119 S   0.00027 0.95870 0.00011 0.04092 ( 2)
 120 Y   0.94256 0.04726 0.00817 0.00202 ( 1)
 121 Q   0.00003 0.95903 0.00000 0.04093 ( 2)
 122 D   0.90834 0.02136 0.06940 0.00091 ( 1)
 123 Y   0.00000 0.95907 0.00000 0.04093 ( 2)
 124 E   0.01704 0.94081 0.00200 0.04015 ( 2)
 125 I   0.00145 0.95764 0.00004 0.04087 ( 2)
 126 E   0.19597 0.76573 0.00563 0.03268 ( 2)
 127 I   0.02099 0.93488 0.00422 0.03990 ( 2)
 128 L   0.00380 0.94879 0.00692 0.04049 ( 2)
 129 D   0.17386 0.77983 0.01303 0.03328 ( 2)
 130 A   0.40086 0.56972 0.00510 0.02432 ( 2)
 131 S   0.97988 0.00914 0.01059 0.00039 ( 1)
 132 E   0.02221 0.93748 0.00031 0.04001 ( 2)
 133 V   0.97945 0.00862 0.01156 0.00037 ( 1)
 134 E   0.83049 0.14886 0.01429 0.00635 ( 1)
 135 K   0.00016 0.95891 0.00000 0.04093 ( 2)
 136 E   0.27779 0.66461 0.02924 0.02837 ( 2)
 137 I   0.86658 0.11768 0.01072 0.00502 ( 1)
 138 N   0.21874 0.58366 0.17269 0.02491 ( 2)
 139 K   0.03676 0.92304 0.00081 0.03939 ( 2)
 140 A   0.92245 0.06549 0.00926 0.00280 ( 1)
 141 Q   0.96669 0.01903 0.01347 0.00081 ( 1)
 142 N   0.24530 0.70549 0.01910 0.03011 ( 2)
 143 T   0.00002 0.95905 0.00000 0.04093 ( 2)
 144 I   0.68578 0.17845 0.12815 0.00762 ( 1)
 145 A   0.97763 0.01025 0.01168 0.00044 ( 1)
 146 G   0.99313 0.00076 0.00608 0.00003 ( 1)
 147 E   0.05657 0.82071 0.08770 0.03503 ( 2)
 148 G   0.21243 0.53965 0.22488 0.02303 ( 2)
 149 M   0.00001 0.95905 0.00001 0.04093 ( 2)
 150 G   0.00973 0.94708 0.00277 0.04042 ( 2)
 151 I   0.96723 0.01845 0.01353 0.00079 ( 1)
 152 S   0.99280 0.00099 0.00617 0.00004 ( 1)
 153 H   0.00449 0.95070 0.00423 0.04058 ( 2)
 154 E   0.28529 0.68157 0.00405 0.02909 ( 2)
 155 L   0.97774 0.00921 0.01265 0.00039 ( 1)
 156 I   0.97167 0.01489 0.01281 0.00064 ( 1)
 157 T   0.11391 0.65068 0.20763 0.02777 ( 2)
 158 L   0.93006 0.05143 0.01632 0.00219 ( 1)
 159 E   0.84424 0.13793 0.01194 0.00589 ( 1)
 160 I   0.67066 0.25018 0.06848 0.01068 ( 1)
 161 S   0.70968 0.19830 0.08355 0.00846 ( 1)
 162 S   0.98981 0.00234 0.00775 0.00010 ( 1)
 163 R   0.96007 0.03161 0.00697 0.00135 ( 1)
 164 D   0.04933 0.90880 0.00308 0.03879 ( 2)
 165 V   0.99242 0.00091 0.00662 0.00004 ( 1)
 166 P   0.99178 0.00135 0.00682 0.00006 ( 1)
 167 D   0.98731 0.00332 0.00922 0.00014 ( 1)
 168 L   0.87305 0.10281 0.01975 0.00439 ( 1)
 169 T   0.99207 0.00106 0.00683 0.00005 ( 1)
 170 L   0.95917 0.02520 0.01456 0.00108 ( 1)
 171 I   0.98191 0.00556 0.01229 0.00024 ( 1)
 172 D   0.98692 0.00359 0.00934 0.00015 ( 1)
 173 L   0.98438 0.00534 0.01006 0.00023 ( 1)
 174 P   0.98769 0.00373 0.00843 0.00016 ( 1)
 175 G   0.99238 0.00102 0.00656 0.00004 ( 1)
 176 I   0.97007 0.01579 0.01347 0.00067 ( 1)
 177 T   0.90434 0.01847 0.07641 0.00079 ( 1)
 178 R   0.99245 0.00080 0.00672 0.00003 ( 1)
 179 V   0.85417 0.12838 0.01197 0.00548 ( 1)
 180 A   0.97909 0.00969 0.01080 0.00041 ( 1)
 181 V   0.78937 0.18191 0.02095 0.00776 ( 1)
 182 G   0.95554 0.02737 0.01592 0.00117 ( 1)
 183 N   0.98068 0.01224 0.00656 0.00052 ( 1)
 184 Q   0.96501 0.02040 0.01372 0.00087 ( 1)
 185 P   0.99002 0.00260 0.00727 0.00011 ( 1)
 186 P   0.00000 0.95906 0.00000 0.04093 ( 2)
 187 D   0.98708 0.00368 0.00908 0.00016 ( 1)
 188 I   0.80484 0.17575 0.01191 0.00750 ( 1)
 189 G   0.75133 0.23388 0.00481 0.00998 ( 1)
 190 Y   0.00004 0.95902 0.00001 0.04093 ( 2)
 191 K   0.21755 0.74724 0.00332 0.03189 ( 2)
 192 I   0.78865 0.19142 0.01176 0.00817 ( 1)
 193 K   0.97933 0.00850 0.01181 0.00036 ( 1)
 194 T   0.00035 0.95873 0.00001 0.04092 ( 2)
 195 L   0.98176 0.00622 0.01175 0.00027 ( 1)
 196 I   0.76629 0.21237 0.01228 0.00906 ( 1)
 197 R   0.00296 0.95611 0.00013 0.04081 ( 2)
 198 K   0.37126 0.59882 0.00437 0.02556 ( 2)
 199 Y   0.29836 0.66620 0.00700 0.02843 ( 2)
 200 I   0.96644 0.01908 0.01367 0.00081 ( 1)
 201 Q   0.00000 0.95906 0.00000 0.04093 ( 2)
 202 R   0.00210 0.95653 0.00054 0.04082 ( 2)
 203 Q   0.72740 0.14354 0.12293 0.00613 ( 1)
 204 E   0.97353 0.01262 0.01330 0.00054 ( 1)
 205 T   0.99186 0.00126 0.00682 0.00005 ( 1)
 206 I   0.96296 0.02175 0.01436 0.00093 ( 1)
 207 N   0.93528 0.05597 0.00635 0.00239 ( 1)
 208 L   0.62124 0.35174 0.01200 0.01501 ( 1)
 209 V   0.98329 0.00709 0.00932 0.00030 ( 1)
 210 V   0.97137 0.01527 0.01272 0.00065 ( 1)
 211 V   0.99014 0.00142 0.00838 0.00006 ( 1)
 212 P   0.99227 0.00122 0.00646 0.00005 ( 1)
 213 S   0.02560 0.93375 0.00079 0.03985 ( 2)
 214 N   0.99355 0.00041 0.00602 0.00002 ( 1)
 215 V   0.96787 0.01852 0.01281 0.00079 ( 1)
 216 D   0.98692 0.00359 0.00934 0.00015 ( 1)
 217 I   0.97264 0.01414 0.01261 0.00060 ( 1)
 218 A   0.98698 0.00424 0.00859 0.00018 ( 1)
 219 T   0.99139 0.00144 0.00711 0.00006 ( 1)
 220 T   0.99053 0.00188 0.00751 0.00008 ( 1)
 221 E   0.97270 0.01315 0.01359 0.00056 ( 1)
 222 A   0.99371 0.00036 0.00591 0.00002 ( 1)
 223 L   0.87596 0.09996 0.01982 0.00427 ( 1)
 224 S   0.00243 0.95513 0.00167 0.04076 ( 2)
 225 M   0.99617 0.00011 0.00371 0.00000 ( 1)
 226 A   0.97688 0.01081 0.01185 0.00046 ( 1)
 227 Q   0.97174 0.01528 0.01233 0.00065 ( 1)
 228 E   0.85128 0.13148 0.01163 0.00561 ( 1)
 229 V   0.96787 0.01852 0.01281 0.00079 ( 1)
 230 D   0.98708 0.00368 0.00908 0.00016 ( 1)
 231 P   0.99069 0.00181 0.00743 0.00008 ( 1)
 232 E   0.00028 0.95876 0.00004 0.04092 ( 2)
 233 G   0.99234 0.00101 0.00661 0.00004 ( 1)
 234 D   0.84921 0.04849 0.10022 0.00207 ( 1)
 235 R   0.99427 0.00035 0.00536 0.00001 ( 1)
 236 T   0.99176 0.00129 0.00690 0.00006 ( 1)
 237 I   0.81219 0.05065 0.13500 0.00216 ( 1)
 238 G   0.99300 0.00085 0.00611 0.00004 ( 1)
 239 I   0.23078 0.73387 0.00403 0.03132 ( 2)
 240 L   0.95191 0.02387 0.02320 0.00102 ( 1)
 241 T   0.99192 0.00125 0.00678 0.00005 ( 1)
 242 K   0.97933 0.00850 0.01181 0.00036 ( 1)
 243 P   0.98948 0.00232 0.00810 0.00010 ( 1)
 244 D   0.98817 0.00299 0.00870 0.00013 ( 1)
 245 L   0.89035 0.08646 0.01950 0.00369 ( 1)
 246 V   0.96787 0.01852 0.01281 0.00079 ( 1)
 247 D   0.95118 0.03709 0.01015 0.00158 ( 1)
 248 K   0.00255 0.95653 0.00010 0.04082 ( 2)
 249 G   0.99255 0.00094 0.00647 0.00004 ( 1)
 250 T   0.98328 0.01020 0.00608 0.00044 ( 1)
 251 E   0.97419 0.01212 0.01317 0.00052 ( 1)
 252 D   0.08765 0.86489 0.01054 0.03691 ( 2)
 253 K   0.04390 0.90992 0.00734 0.03883 ( 2)
 254 V   0.65877 0.31514 0.01263 0.01345 ( 1)
 255 V   0.02614 0.93013 0.00404 0.03970 ( 2)
 256 D   0.09163 0.85326 0.01869 0.03642 ( 2)
 257 V   0.73021 0.13260 0.13153 0.00566 ( 1)
 258 V   0.00751 0.95178 0.00009 0.04062 ( 2)
 259 R   0.63717 0.28715 0.06342 0.01226 ( 1)
 260 N   0.99461 0.00016 0.00522 0.00001 ( 1)
 261 L   0.09964 0.45477 0.42619 0.01941 ( 2)
 262 V   0.98946 0.00265 0.00778 0.00011 ( 1)
 263 F   0.00331 0.95515 0.00078 0.04077 ( 2)
 264 H   0.79653 0.13120 0.06667 0.00560 ( 1)
 265 L   0.93849 0.04506 0.01453 0.00192 ( 1)
 266 K   0.85978 0.05364 0.08429 0.00229 ( 1)
 267 K   0.97933 0.00850 0.01181 0.00036 ( 1)
 268 G   0.99196 0.00116 0.00683 0.00005 ( 1)
 269 Y   0.98749 0.00378 0.00856 0.00016 ( 1)
 270 M   0.99617 0.00011 0.00371 0.00000 ( 1)
 271 I   0.77451 0.19554 0.02160 0.00835 ( 1)
 272 V   0.98892 0.00199 0.00901 0.00009 ( 1)
 273 K   0.97832 0.00928 0.01199 0.00040 ( 1)
 274 C   0.99375 0.00080 0.00541 0.00003 ( 1)
 275 R   0.77448 0.20935 0.00723 0.00893 ( 1)
 276 G   0.99274 0.00091 0.00631 0.00004 ( 1)
 277 Q   0.97174 0.01528 0.01233 0.00065 ( 1)
 278 Q   0.17357 0.77158 0.02192 0.03293 ( 2)
 279 E   0.62432 0.35483 0.00571 0.01514 ( 1)
 280 I   0.73648 0.24084 0.01239 0.01028 ( 1)
 281 Q   0.00579 0.95290 0.00064 0.04067 ( 2)
 282 D   0.02366 0.93465 0.00180 0.03989 ( 2)
 283 Q   0.03193 0.92319 0.00547 0.03940 ( 2)
 284 L   0.06083 0.89944 0.00134 0.03839 ( 2)
 285 S   0.63894 0.27029 0.07923 0.01154 ( 1)
 286 L   0.52213 0.44774 0.01102 0.01911 ( 1)
 287 S   0.00649 0.95277 0.00007 0.04066 ( 2)
 288 E   0.01070 0.87432 0.07767 0.03732 ( 2)
 289 A   0.98376 0.00607 0.00991 0.00026 ( 1)
 290 L   0.10620 0.83272 0.02554 0.03554 ( 2)
 291 Q   0.74184 0.23131 0.01698 0.00987 ( 1)
 292 R   0.03592 0.91873 0.00614 0.03921 ( 2)
 293 E   0.97355 0.01261 0.01330 0.00054 ( 1)
 294 K   0.00605 0.95253 0.00077 0.04065 ( 2)
 295 I   0.00001 0.95905 0.00001 0.04093 ( 2)
 296 F   0.98682 0.00400 0.00900 0.00017 ( 1)
 297 F   0.98121 0.00802 0.01043 0.00034 ( 1)
 298 E   0.30118 0.66533 0.00510 0.02840 ( 2)
 299 D   0.00127 0.95642 0.00149 0.04082 ( 2)
 300 H   0.99418 0.00060 0.00520 0.00003 ( 1)
 301 P   0.00054 0.95768 0.00091 0.04087 ( 2)
 302 H   0.00109 0.95799 0.00003 0.04089 ( 2)
 303 F   0.98682 0.00400 0.00900 0.00017 ( 1)
 304 R   0.86368 0.08478 0.04792 0.00362 ( 1)
 305 D   0.00083 0.95815 0.00012 0.04089 ( 2)
 306 L   0.98367 0.00602 0.01005 0.00026 ( 1)
 307 L   0.88516 0.09110 0.01985 0.00389 ( 1)
 308 E   0.82327 0.07585 0.09764 0.00324 ( 1)
 309 E   0.22218 0.73950 0.00676 0.03156 ( 2)
 310 G   0.35617 0.07677 0.56379 0.00328 ( 3)
 311 K   0.36308 0.60631 0.00474 0.02588 ( 2)
 312 A   0.98233 0.00656 0.01084 0.00028 ( 1)
 313 T   0.99271 0.00102 0.00623 0.00004 ( 1)
 314 I   0.07028 0.88486 0.00710 0.03777 ( 2)
 315 P   0.99187 0.00121 0.00687 0.00005 ( 1)
 316 C   0.07038 0.85153 0.04175 0.03634 ( 2)
 317 L   0.88117 0.09502 0.01976 0.00406 ( 1)
 318 A   0.99059 0.00188 0.00745 0.00008 ( 1)
 319 E   0.00216 0.95650 0.00051 0.04082 ( 2)
 320 K   0.36520 0.59863 0.01062 0.02555 ( 2)
 321 L   0.95071 0.03370 0.01415 0.00144 ( 1)
 322 T   0.99148 0.00137 0.00709 0.00006 ( 1)
 323 S   0.00000 0.95907 0.00000 0.04093 ( 2)
 324 E   0.97277 0.01297 0.01370 0.00055 ( 1)
 325 L   0.98563 0.00433 0.00986 0.00018 ( 1)
 326 I   0.24983 0.66604 0.05571 0.02843 ( 2)
 327 A   0.00184 0.95715 0.00015 0.04085 ( 2)
 328 H   0.98766 0.00622 0.00586 0.00027 ( 1)
 329 I   0.96690 0.01863 0.01367 0.00080 ( 1)
 330 C   0.24452 0.12069 0.62964 0.00515 ( 3)
 331 K   0.98370 0.00518 0.01090 0.00022 ( 1)
 332 S   0.71642 0.21890 0.05533 0.00934 ( 1)
 333 L   0.91124 0.06824 0.01761 0.00291 ( 1)
 334 P   0.99107 0.00163 0.00723 0.00007 ( 1)
 335 L   0.00211 0.95413 0.00303 0.04072 ( 2)
 336 L   0.83984 0.05390 0.10396 0.00230 ( 1)
 337 E   0.97311 0.01261 0.01375 0.00054 ( 1)
 338 N   0.09997 0.86133 0.00195 0.03676 ( 2)
 339 Q   0.98325 0.00641 0.01008 0.00027 ( 1)
 340 I   0.97066 0.02056 0.00790 0.00088 ( 1)
 341 K   0.00621 0.95136 0.00183 0.04060 ( 2)
 342 E   0.00149 0.95762 0.00003 0.04087 ( 2)
 343 S   0.00001 0.95905 0.00001 0.04093 ( 2)
 344 H   0.71440 0.04841 0.23513 0.00207 ( 1)
 345 Q   0.82403 0.15874 0.01045 0.00677 ( 1)
 346 G   0.00001 0.95906 0.00000 0.04093 ( 2)
 347 I   0.02336 0.93496 0.00178 0.03990 ( 2)
 348 T   0.00247 0.95610 0.00063 0.04081 ( 2)
 349 E   0.30907 0.61759 0.04698 0.02636 ( 2)
 350 E   0.97275 0.01295 0.01374 0.00055 ( 1)
 351 L   0.97354 0.01222 0.01372 0.00052 ( 1)
 352 Q   0.97857 0.01017 0.01083 0.00043 ( 1)
 353 K   0.97800 0.00955 0.01204 0.00041 ( 1)
 354 Y   0.98763 0.00371 0.00851 0.00016 ( 1)
 355 G   0.69540 0.20775 0.08798 0.00887 ( 1)
 356 V   0.00000 0.95906 0.00000 0.04093 ( 2)
 357 D   0.65251 0.27013 0.06583 0.01153 ( 1)
 358 I   0.08971 0.86596 0.00737 0.03696 ( 2)
 359 P   0.96749 0.02418 0.00730 0.00103 ( 1)
 360 E   0.05303 0.83397 0.07741 0.03559 ( 2)
 361 D   0.00934 0.93316 0.01768 0.03983 ( 2)
 362 E   0.16702 0.79582 0.00319 0.03396 ( 2)
 363 N   0.00022 0.95885 0.00001 0.04092 ( 2)
 364 E   0.00247 0.95665 0.00005 0.04083 ( 2)
 365 K   0.92201 0.06166 0.01370 0.00263 ( 1)
 366 M   0.41978 0.55265 0.00398 0.02359 ( 2)
 367 F   0.00398 0.95421 0.00108 0.04072 ( 2)
 368 F   0.45893 0.51425 0.00487 0.02195 ( 2)
 369 L   0.93723 0.04620 0.01460 0.00197 ( 1)
 370 I   0.00717 0.95199 0.00021 0.04063 ( 2)
 371 D   0.06450 0.89624 0.00101 0.03825 ( 2)
 372 K   0.15879 0.31153 0.51639 0.01330 ( 3)
 373 I   0.15248 0.81070 0.00222 0.03460 ( 2)
 374 N   0.11723 0.83533 0.01179 0.03565 ( 2)
 375 A   0.00295 0.95615 0.00009 0.04081 ( 2)
 376 F   0.97823 0.00991 0.01143 0.00042 ( 1)
 377 N   0.99088 0.00173 0.00731 0.00007 ( 1)
 378 Q   0.00002 0.95905 0.00000 0.04093 ( 2)
 379 D   0.59589 0.38239 0.00540 0.01632 ( 1)
 380 I   0.67035 0.29648 0.02052 0.01265 ( 1)
 381 T   0.00001 0.95905 0.00000 0.04093 ( 2)
 382 A   0.00000 0.95907 0.00000 0.04093 ( 2)
 383 L   0.00017 0.95888 0.00003 0.04092 ( 2)
 384 I   0.23743 0.72939 0.00205 0.03113 ( 2)
 385 Q   0.00667 0.95138 0.00135 0.04060 ( 2)
 386 G   0.97371 0.01794 0.00759 0.00077 ( 1)
 387 E   0.23679 0.72745 0.00472 0.03105 ( 2)
 388 E   0.97411 0.01219 0.01317 0.00052 ( 1)
 389 T   0.00000 0.95907 0.00000 0.04093 ( 2)
 390 V   0.06578 0.88451 0.01196 0.03775 ( 2)
 391 G   0.00022 0.95877 0.00008 0.04092 ( 2)
 392 E   0.00605 0.95287 0.00040 0.04067 ( 2)
 393 D   0.00095 0.95806 0.00010 0.04089 ( 2)
 394 D   0.01677 0.94221 0.00080 0.04021 ( 2)
 395 S   0.00739 0.95073 0.00130 0.04058 ( 2)
 396 R   0.98710 0.00298 0.00979 0.00013 ( 1)
 397 L   0.91090 0.06909 0.01707 0.00295 ( 1)
 398 F   0.97709 0.01090 0.01154 0.00047 ( 1)
 399 T   0.76275 0.17307 0.05679 0.00739 ( 1)
 400 R   0.92359 0.06342 0.01028 0.00271 ( 1)
 401 L   0.00221 0.95692 0.00003 0.04084 ( 2)
 402 R   0.99364 0.00102 0.00530 0.00004 ( 1)
 403 R   0.00010 0.95896 0.00001 0.04093 ( 2)
 404 E   0.97265 0.01320 0.01359 0.00056 ( 1)
 405 F   0.98139 0.00724 0.01106 0.00031 ( 1)
 406 H   0.00010 0.95897 0.00001 0.04093 ( 2)
 407 K   0.04651 0.91386 0.00063 0.03900 ( 2)
 408 W   0.99410 0.00098 0.00488 0.00004 ( 1)
 409 G   0.01695 0.94069 0.00221 0.04015 ( 2)
 410 I   0.00009 0.95898 0.00001 0.04093 ( 2)
 411 I   0.00000 0.95907 0.00000 0.04093 ( 2)
 412 I   0.39619 0.51346 0.06844 0.02191 ( 2)
 413 E   0.11289 0.50744 0.35801 0.02166 ( 2)
 414 N   0.25297 0.70887 0.00791 0.03025 ( 2)
 415 N   0.01822 0.94142 0.00019 0.04018 ( 2)
 416 L   0.04874 0.90475 0.00790 0.03861 ( 2)
 417 Q   0.00028 0.95803 0.00080 0.04089 ( 2)
 418 E   0.07981 0.88162 0.00094 0.03763 ( 2)
 419 -   0.53001 0.42906 0.02262 0.01831 ( 1)
 420 -   0.53001 0.42906 0.02262 0.01831 ( 1)
 421 G   0.75265 0.14503 0.09613 0.00619 ( 1)
 422 H   0.00009 0.95890 0.00009 0.04093 ( 2)
 423 K   0.00001 0.95906 0.00000 0.04093 ( 2)
 424 I   0.00003 0.95902 0.00001 0.04093 ( 2)
 425 T   0.00017 0.95890 0.00000 0.04093 ( 2)
 426 S   0.00000 0.95907 0.00000 0.04093 ( 2)
 427 R   0.46463 0.50710 0.00663 0.02164 ( 2)
 428 K   0.01531 0.94385 0.00057 0.04028 ( 2)
 429 M   0.44474 0.53064 0.00197 0.02265 ( 2)
 430 Q   0.00000 0.95907 0.00000 0.04093 ( 2)
 431 K   0.03390 0.92619 0.00038 0.03953 ( 2)
 432 F   0.76151 0.10735 0.12656 0.00458 ( 1)
 433 E   0.97436 0.01196 0.01317 0.00051 ( 1)
 434 N   0.67282 0.25918 0.05694 0.01106 ( 1)
 435 Q   0.02683 0.93296 0.00039 0.03982 ( 2)
 436 Y   0.98778 0.00362 0.00844 0.00015 ( 1)
 437 R   0.99635 0.00023 0.00341 0.00001 ( 1)
 438 G   0.99223 0.00108 0.00665 0.00005 ( 1)
 439 R   0.98857 0.00266 0.00866 0.00011 ( 1)
 440 E   0.84883 0.13384 0.01162 0.00571 ( 1)
 441 L   0.63843 0.25504 0.09564 0.01088 ( 1)
 442 P   0.99033 0.00234 0.00723 0.00010 ( 1)
 443 G   0.97694 0.01442 0.00802 0.00062 ( 1)
 444 F   0.97798 0.01057 0.01100 0.00045 ( 1)
 445 V   0.69613 0.16615 0.13063 0.00709 ( 1)
 446 N   0.78171 0.20289 0.00674 0.00866 ( 1)
 447 Y   0.98746 0.00379 0.00858 0.00016 ( 1)
 448 R   0.12616 0.82731 0.01122 0.03531 ( 2)
 449 T   0.96558 0.02510 0.00825 0.00107 ( 1)
 450 F   0.97657 0.01135 0.01159 0.00048 ( 1)
 451 E   0.97317 0.01294 0.01334 0.00055 ( 1)
 452 T   0.00084 0.95809 0.00018 0.04089 ( 2)
 453 I   0.96806 0.01777 0.01341 0.00076 ( 1)
 454 V   0.95483 0.03628 0.00734 0.00155 ( 1)
 455 K   0.98316 0.00566 0.01094 0.00024 ( 1)
 456 Q   0.04042 0.91488 0.00566 0.03905 ( 2)
 457 Q   0.40769 0.56404 0.00421 0.02407 ( 2)
 458 I   0.30838 0.65382 0.00990 0.02790 ( 2)
 459 K   0.00002 0.95905 0.00001 0.04093 ( 2)
 460 A   0.00058 0.95840 0.00012 0.04090 ( 2)
 461 L   0.89918 0.07962 0.01780 0.00340 ( 1)
 462 E   0.97311 0.01261 0.01375 0.00054 ( 1)
 463 E   0.97331 0.01282 0.01332 0.00055 ( 1)
 464 P   0.96818 0.02398 0.00681 0.00102 ( 1)
 465 A   0.97546 0.01203 0.01200 0.00051 ( 1)
 466 V   0.23259 0.73115 0.00505 0.03120 ( 2)
 467 N   0.00812 0.94863 0.00276 0.04049 ( 2)
 468 M   0.98691 0.00380 0.00913 0.00016 ( 1)
 469 L   0.89254 0.08400 0.01988 0.00358 ( 1)
 470 H   0.86075 0.07415 0.06193 0.00316 ( 1)
 471 T   0.22222 0.71385 0.03346 0.03047 ( 2)
 472 V   0.82614 0.15717 0.00998 0.00671 ( 1)
 473 T   0.88358 0.01930 0.09630 0.00082 ( 1)
 474 D   0.00003 0.95903 0.00001 0.04093 ( 2)
 475 M   0.43411 0.53918 0.00370 0.02301 ( 2)
 476 V   0.98309 0.01041 0.00605 0.00044 ( 1)
 477 R   0.00252 0.95575 0.00094 0.04079 ( 2)
 478 L   0.00000 0.95907 0.00000 0.04093 ( 2)
 479 A   0.04400 0.80637 0.11522 0.03442 ( 2)
 480 F   0.98345 0.00563 0.01068 0.00024 ( 1)
 481 T   0.00004 0.95897 0.00006 0.04093 ( 2)
 482 D   0.00225 0.95683 0.00008 0.04084 ( 2)
 483 V   0.19440 0.74790 0.02578 0.03192 ( 2)
 484 S   0.05587 0.89781 0.00801 0.03832 ( 2)
 485 M   0.00000 0.95906 0.00000 0.04093 ( 2)
 486 K   0.00722 0.95204 0.00011 0.04063 ( 2)
 487 N   0.02498 0.93259 0.00263 0.03980 ( 2)
 488 F   0.97621 0.01170 0.01159 0.00050 ( 1)
 489 E   0.00075 0.95825 0.00010 0.04090 ( 2)
 490 E   0.47681 0.43754 0.06697 0.01867 ( 1)
 491 L   0.85805 0.12637 0.01019 0.00539 ( 1)
 492 F   0.00855 0.94148 0.00979 0.04018 ( 2)
 493 N   0.99461 0.00016 0.00522 0.00001 ( 1)
 494 L   0.96642 0.00993 0.02322 0.00042 ( 1)
 495 H   0.03255 0.92517 0.00279 0.03949 ( 2)
 496 R   0.02017 0.93952 0.00021 0.04010 ( 2)
 497 T   0.90328 0.01427 0.08184 0.00061 ( 1)
 498 A   0.50092 0.47330 0.00558 0.02020 ( 1)
