Supplemental results for CODEML (seqf: ../../../Mx_aln.phy  treef: ../../../Mx_branch_duckchicken.tree)

I	J	ij	2Ns_IJ	pMut_IJ	pSub_IJ	2Ns_JI	pMut_JI	pSub_JI

TTC	TTT	CT	0.75155	0.03289	0.04678	-0.75155	0.06973	0.04678
TTA	TTT	AT	1.95873	0.00290	0.00660	-1.95873	0.02054	0.00660
TTA	TTC	AC	1.20718	0.00674	0.01161	-1.20718	0.02254	0.01161
TTG	TTT	GT	0.88383	0.00705	0.01061	-0.88383	0.01705	0.01061
TTG	TTC	GC	0.13229	0.01640	0.01751	-0.13229	0.01872	0.01751
TTG	TTA	GA	-1.07489	0.03999	0.02227	1.07489	0.01365	0.02227
TCT	TTT	CT	1.57627	0.01442	0.02864	-1.57627	0.06973	0.02864
TCC	TTC	CT	1.24344	0.02207	0.03857	-1.24344	0.07654	0.03857
TCC	TCT	CT	0.41872	0.02207	0.02702	-0.41872	0.03355	0.02702
TCA	TTA	CT	0.46674	0.01216	0.01522	-0.46674	0.01940	0.01522
TCA	TCT	AT	0.84920	0.00423	0.00627	-0.84920	0.00988	0.00627
TCA	TCC	AC	0.43048	0.00984	0.01211	-0.43048	0.01513	0.01211
TCG	TTG	CT	1.94342	0.00676	0.01533	-1.94342	0.04718	0.01533
TCG	TCT	GT	1.25098	0.00235	0.00412	-1.25098	0.00821	0.00412
TCG	TCC	GC	0.83226	0.00547	0.00805	-0.83226	0.01256	0.00805
TCG	TCA	GA	0.40178	0.01333	0.01619	-0.40178	0.01992	0.01619
TAT	TTT	AT	1.33554	0.00540	0.00979	-1.33554	0.02054	0.00979
TAT	TCT	AC	-0.24073	0.01257	0.01112	0.24073	0.00988	0.01112
TAC	TTC	AT	0.90931	0.00908	0.01383	-0.90931	0.02254	0.01383
TAC	TCC	AC	-0.33413	0.02114	0.01780	0.33413	0.01513	0.01780
TAC	TAT	CT	0.32532	0.02613	0.03061	-0.32532	0.03617	0.03061
TGT	TTT	GT	1.82829	0.00274	0.00597	-1.82829	0.01705	0.00597
TGT	TCT	GC	0.25203	0.00638	0.00721	-0.25203	0.00821	0.00721
TGT	TAT	GA	0.49276	0.01555	0.01969	-0.49276	0.02545	0.01969
TGC	TTC	GT	1.21422	0.00556	0.00960	-1.21422	0.01872	0.00960
TGC	TCC	GC	-0.02922	0.01294	0.01275	0.02922	0.01256	0.01275
TGC	TAC	GA	0.30491	0.03154	0.03660	-0.30491	0.04279	0.03660
TGC	TGT	CT	0.13747	0.01599	0.01712	-0.13747	0.01835	0.01712
TGG	TTG	GT	1.23190	0.00337	0.00585	-1.23190	0.01154	0.00585
TGG	TCG	GC	-0.71151	0.00783	0.00538	0.71151	0.00385	0.00538
TGG	TGT	GT	0.28744	0.00337	0.00387	-0.28744	0.00449	0.00387
TGG	TGC	GC	0.14997	0.00783	0.00844	-0.14997	0.00910	0.00844
CTT	TTT	CT	1.17080	0.02162	0.03670	-1.17080	0.06973	0.03670
CTC	TTC	CT	1.01623	0.02770	0.04413	-1.01623	0.07654	0.04413
CTC	CTT	CT	0.59697	0.02770	0.03679	-0.59697	0.05033	0.03679
CTA	TTA	CT	0.56390	0.01104	0.01444	-0.56390	0.01940	0.01444
CTA	CTT	AT	1.35182	0.00384	0.00700	-1.35182	0.01482	0.00700
CTA	CTC	AC	0.75486	0.00893	0.01272	-0.75486	0.01899	0.01272
CTG	TTG	CT	-0.68125	0.09325	0.06507	0.68125	0.04718	0.06507
CTG	CTT	GT	-0.96822	0.03241	0.01921	0.96822	0.01231	0.01921
CTG	CTC	GC	-1.56519	0.07543	0.03121	1.56519	0.01577	0.03121
CTG	CTA	GA	-2.32005	0.18393	0.04650	2.32005	0.01808	0.04650
CCT	TCT	CT	0.50388	0.02027	0.02581	-0.50388	0.03355	0.02581
CCT	CTT	CT	0.90934	0.02027	0.03087	-0.90934	0.05033	0.03087
CCC	TCC	CT	1.06032	0.01779	0.02886	-1.06032	0.05138	0.02886
CCC	CTC	CT	1.28754	0.01779	0.03164	-1.28754	0.06448	0.03164
CCC	CCT	CT	0.97517	0.01779	0.02786	-0.97517	0.04718	0.02786
CCA	TCA	CT	0.57111	0.01599	0.02099	-0.57111	0.02831	0.02099
CCA	CTA	CT	0.47394	0.01599	0.02008	-0.47394	0.02569	0.02008
CCA	CCT	AT	0.91643	0.00556	0.00849	-0.91643	0.01390	0.00849
CCA	CCC	AC	-0.05874	0.01294	0.01256	0.05874	0.01220	0.01256
CCG	TCG	CT	1.15496	0.00496	0.00836	-1.15496	0.01573	0.00836
CCG	CTG	CT	3.77963	0.00496	0.01917	-3.77963	0.21704	0.01917
CCG	CCT	GT	1.90206	0.00172	0.00385	-1.90206	0.01154	0.00385
CCG	CCC	GC	0.92690	0.00401	0.00615	-0.92690	0.01013	0.00615
CCG	CCA	GA	0.98563	0.00977	0.01537	-0.98563	0.02619	0.01537
CAT	TAT	CT	1.07158	0.01239	0.02019	-1.07158	0.03617	0.02019
CAT	CTT	AT	1.23631	0.00431	0.00750	-1.23631	0.01482	0.00750
CAT	CCT	AC	0.32697	0.01002	0.01175	-0.32697	0.01390	0.01175
CAC	TAC	CT	0.80260	0.02725	0.03964	-0.80260	0.06081	0.03964
CAC	CTC	AT	0.69569	0.00947	0.01315	-0.69569	0.01899	0.01315
CAC	CCC	AC	-0.59185	0.02205	0.01616	0.59185	0.01220	0.01616
CAC	CAT	CT	0.05635	0.02725	0.02803	-0.05635	0.02883	0.02803
CAA	CTA	AT	-0.25720	0.00979	0.00858	0.25720	0.00757	0.00858
CAA	CCA	AC	-0.73114	0.02278	0.01546	0.73114	0.01096	0.01546
CAA	CAT	AT	-0.14168	0.00979	0.00911	0.14168	0.00849	0.00911
CAA	CAC	AC	-0.19803	0.02278	0.02060	0.19803	0.01868	0.02060
CAG	CTG	AT	0.81906	0.02818	0.04128	-0.81906	0.06393	0.04128
CAG	CCG	AC	-2.96057	0.06559	0.01061	2.96057	0.00340	0.01061
CAG	CAT	GT	-1.38548	0.02818	0.01303	1.38548	0.00705	0.01303
CAG	CAC	GC	-1.44182	0.06559	0.02929	1.44182	0.01551	0.02929
CAG	CAA	GA	-1.24379	0.15994	0.08058	1.24379	0.04611	0.08058
CGT	TGT	CT	1.30911	0.00496	0.00889	-1.30911	0.01835	0.00889
CGT	CTT	GT	1.96660	0.00172	0.00394	-1.96660	0.01231	0.00394
CGT	CCT	GC	1.05726	0.00401	0.00649	-1.05726	0.01154	0.00649
CGT	CAT	GA	0.73029	0.00977	0.01377	-0.73029	0.02029	0.01377
CGC	TGC	CT	1.23628	0.01081	0.01884	-1.23628	0.03722	0.01884
CGC	CTC	GT	1.43428	0.00376	0.00708	-1.43428	0.01577	0.00708
CGC	CCC	GC	0.14674	0.00875	0.00940	-0.14674	0.01013	0.00940
CGC	CAC	GA	0.73859	0.02133	0.03016	-0.73859	0.04463	0.03016
CGC	CGT	CT	0.06464	0.01081	0.01116	-0.06464	0.01153	0.01116
CGA	CTA	GT	0.88861	0.00258	0.00390	-0.88861	0.00628	0.00390
CGA	CCA	GC	0.41466	0.00601	0.00735	-0.41466	0.00910	0.00735
CGA	CAA	GA	1.14580	0.01466	0.02463	-1.14580	0.04611	0.02463
CGA	CGT	AT	0.27383	0.00258	0.00295	-0.27383	0.00340	0.00295
CGA	CGC	AC	0.20919	0.00601	0.00666	-0.20919	0.00741	0.00666
CGG	TGG	CT	-0.07613	0.02433	0.02341	0.07613	0.02254	0.02341
CGG	CTG	GT	1.83703	0.00845	0.01847	-1.83703	0.05308	0.01847
CGG	CCG	GC	-1.94260	0.01968	0.00640	1.94260	0.00282	0.00640
CGG	CAG	GA	1.01797	0.04798	0.07648	-1.01797	0.13280	0.07648
CGG	CGT	GT	-1.09779	0.00845	0.00465	1.09779	0.00282	0.00465
CGG	CGC	GC	-1.16244	0.01968	0.01041	1.16244	0.00615	0.01041
CGG	CGA	GA	-1.37163	0.04798	0.02237	1.37163	0.01217	0.02237
ATT	TTT	AT	0.45165	0.01307	0.01625	-0.45165	0.02054	0.01625
ATT	CTT	AC	-0.71915	0.03043	0.02079	0.71915	0.01482	0.02079
ATC	TTC	AT	-0.15421	0.02630	0.02433	0.15421	0.02254	0.02433
ATC	CTC	AC	-1.17043	0.06122	0.03223	1.17043	0.01899	0.03223
ATC	ATT	CT	0.14569	0.07568	0.08133	-0.14569	0.08755	0.08133
ATA	TTA	AT	-0.40113	0.00853	0.00694	0.40113	0.00571	0.00694
ATA	CTA	AC	-0.96503	0.01986	0.01180	0.96503	0.00757	0.01180
ATA	ATT	AT	1.10594	0.00853	0.01410	-1.10594	0.02579	0.01410
ATA	ATC	AC	0.96026	0.01986	0.03090	-0.96026	0.05188	0.03090
ATG	TTG	AT	0.28127	0.01049	0.01203	-0.28127	0.01390	0.01203
ATG	CTG	AC	0.96252	0.02442	0.03802	-0.96252	0.06393	0.03802
ATG	ATT	GT	0.71345	0.01049	0.01467	-0.71345	0.02141	0.01467
ATG	ATC	GC	0.56776	0.02442	0.03200	-0.56776	0.04308	0.03200
ATG	ATA	GA	-0.39249	0.05953	0.04861	0.39249	0.04021	0.04861
ACT	TCT	AT	0.46873	0.00618	0.00775	-0.46873	0.00988	0.00775
ACT	CCT	AC	-0.03515	0.01439	0.01414	0.03515	0.01390	0.01414
ACT	ATT	CT	1.59335	0.01779	0.03558	-1.59335	0.08755	0.03558
ACC	TCC	AT	0.35161	0.01065	0.01263	-0.35161	0.01513	0.01263
ACC	CCC	AC	-0.70871	0.02478	0.01703	0.70871	0.01220	0.01703
ACC	ATC	CT	1.74926	0.03063	0.06486	-1.74926	0.17615	0.06486
ACC	ACT	CT	0.30160	0.03063	0.03548	-0.30160	0.04142	0.03548
ACA	TCA	AT	-0.02307	0.00853	0.00843	0.02307	0.00834	0.00843
ACA	CCA	AC	-0.59417	0.01986	0.01454	0.59417	0.01096	0.01454
ACA	ATA	CT	0.84480	0.02455	0.03636	-0.84480	0.05714	0.03636
ACA	ACT	AT	0.35740	0.00853	0.01015	-0.35740	0.01220	0.01015
ACA	ACC	AC	0.05580	0.01986	0.02042	-0.05580	0.02100	0.02042
ACG	TCG	AT	0.20929	0.00376	0.00416	-0.20929	0.00463	0.00416
ACG	CCG	AC	-0.94567	0.00875	0.00525	0.94567	0.00340	0.00525
ACG	ATG	CT	1.87144	0.01081	0.02391	-1.87144	0.07025	0.02391
ACG	ACT	GT	0.99154	0.00376	0.00592	-0.99154	0.01013	0.00592
ACG	ACC	GC	0.68994	0.00875	0.01211	-0.68994	0.01744	0.01211
ACG	ACA	GA	0.63414	0.02133	0.02880	-0.63414	0.04021	0.02880
AAT	TAT	AT	-0.18646	0.01284	0.01168	0.18646	0.01065	0.01168
AAT	CAT	AC	-1.25804	0.02988	0.01493	1.25804	0.00849	0.01493
AAT	ATT	AT	0.69742	0.01284	0.01783	-0.69742	0.02579	0.01783
AAT	ACT	AC	-0.89593	0.02988	0.01847	0.89593	0.01220	0.01847
AAC	TAC	AT	0.65376	0.00932	0.01269	-0.65376	0.01791	0.01269
AAC	CAC	AC	-0.14884	0.02168	0.02011	0.14884	0.01868	0.02011
AAC	ATC	AT	1.71728	0.00932	0.01950	-1.71728	0.05188	0.01950
AAC	ACC	AC	-0.03198	0.02168	0.02134	0.03198	0.02100	0.02134
AAC	AAT	CT	1.16555	0.02680	0.04539	-1.16555	0.08598	0.04539
AAA	CAA	AC	-0.92444	0.04865	0.02958	0.92444	0.01930	0.02958
AAA	ATA	AT	-0.21660	0.02090	0.01872	0.21660	0.01683	0.01872
AAA	ACA	AC	-1.06141	0.04865	0.02731	1.06141	0.01683	0.02731
AAA	AAT	AT	0.19191	0.02090	0.02297	-0.19191	0.02532	0.02297
AAA	AAC	AC	-0.97363	0.04865	0.02875	0.97363	0.01838	0.02875
AAG	CAG	AC	-0.19560	0.06760	0.06120	0.19560	0.05559	0.06120
AAG	ATG	AT	-0.33907	0.02904	0.02440	0.33907	0.02069	0.02440
AAG	ACG	AC	-2.21051	0.06760	0.01840	2.21051	0.00741	0.01840
AAG	AAT	GT	-0.32304	0.02904	0.02460	0.32304	0.02103	0.02460
AAG	AAC	GC	-1.48859	0.06760	0.02933	1.48859	0.01526	0.02933
AAG	AAA	GA	-0.51496	0.16483	0.12602	0.51496	0.09849	0.12602
AGT	TGT	AT	-0.23126	0.00681	0.00605	0.23126	0.00540	0.00605
AGT	CGT	AC	-1.54037	0.01585	0.00666	1.54037	0.00340	0.00666
AGT	ATT	GT	1.14538	0.00681	0.01144	-1.14538	0.02141	0.01144
AGT	ACT	GC	-0.44797	0.01585	0.01257	0.44797	0.01013	0.01257
AGT	AAT	GA	0.44796	0.03865	0.04795	-0.44796	0.06050	0.04795
AGC	TGC	AT	-0.08846	0.01198	0.01146	0.08846	0.01096	0.01146
AGC	CGC	AC	-1.32474	0.02788	0.01337	1.32474	0.00741	0.01337
AGC	ATC	GT	1.27997	0.01198	0.02123	-1.27997	0.04308	0.02123
AGC	ACC	GC	-0.46929	0.02788	0.02185	0.46929	0.01744	0.02185
AGC	AAC	GA	-0.43732	0.06798	0.05419	0.43732	0.04390	0.05419
AGC	AGT	CT	0.28027	0.03446	0.03952	-0.28027	0.04561	0.03952
AGA	CGA	AC	-1.56684	0.02442	0.01009	1.56684	0.00510	0.01009
AGA	ATA	GT	0.28680	0.01049	0.01207	-0.28680	0.01397	0.01207
AGA	ACA	GC	-0.55800	0.02442	0.01823	0.55800	0.01397	0.01823
AGA	AAA	GA	0.50341	0.05953	0.07577	-0.50341	0.09849	0.07577
AGA	AGT	AT	0.24736	0.01049	0.01184	-0.24736	0.01343	0.01184
AGA	AGC	AC	-0.03291	0.02442	0.02402	0.03291	0.02363	0.02402
AGG	TGG	AT	0.02166	0.00650	0.00657	-0.02166	0.00664	0.00657
AGG	CGG	AC	0.09778	0.01512	0.01587	-0.09778	0.01668	0.01587
AGG	ATG	GT	0.97229	0.00650	0.01016	-0.97229	0.01718	0.01016
AGG	ACG	GC	-0.89915	0.01512	0.00933	0.89915	0.00615	0.00933
AGG	AAG	GA	1.31136	0.03688	0.06619	-1.31136	0.13685	0.06619
AGG	AGT	GT	0.54036	0.00650	0.00841	-0.54036	0.01115	0.00841
AGG	AGC	GC	0.26009	0.01512	0.01717	-0.26009	0.01962	0.01717
AGG	AGA	GA	0.29300	0.03688	0.04254	-0.29300	0.04943	0.04254
GTT	TTT	GT	1.27277	0.00478	0.00844	-1.27277	0.01705	0.00844
GTT	CTT	GC	0.10196	0.01111	0.01169	-0.10196	0.01231	0.01169
GTT	ATT	GA	0.82112	0.02710	0.03973	-0.82112	0.06160	0.03973
GTC	TTC	GT	0.64062	0.00986	0.01336	-0.64062	0.01872	0.01336
GTC	CTC	GC	-0.37561	0.02296	0.01892	0.37561	0.01577	0.01892
GTC	ATC	GA	0.79483	0.05598	0.08114	-0.79483	0.12394	0.08114
GTC	GTT	CT	0.11940	0.02838	0.03011	-0.11940	0.03198	0.03011
GTA	TTA	GT	0.34301	0.00337	0.00398	-0.34301	0.00474	0.00398
GTA	CTA	GC	-0.22089	0.00783	0.00700	0.22089	0.00628	0.00700
GTA	ATA	GA	0.74415	0.01910	0.02709	-0.74415	0.04021	0.02709
GTA	GTT	AT	1.02897	0.00337	0.00539	-1.02897	0.00942	0.00539
GTA	GTC	AC	0.90957	0.00783	0.01193	-0.90957	0.01946	0.01193
GTG	TTG	GT	-0.52033	0.01941	0.01480	0.52033	0.01154	0.01480
GTG	CTG	GC	0.16093	0.04519	0.04892	-0.16093	0.05308	0.04892
GTG	ATG	GA	-0.80159	0.11018	0.07186	0.80159	0.04943	0.07186
GTG	GTT	GT	-0.90926	0.01941	0.01191	0.90926	0.00782	0.01191
GTG	GTC	GC	-1.02866	0.04519	0.02586	1.02866	0.01615	0.02586
GTG	GTA	GA	-1.93823	0.11018	0.03591	1.93823	0.01586	0.03591
GCT	TCT	GT	-0.39125	0.01213	0.00991	0.39125	0.00821	0.00991
GCT	CCT	GC	-0.89512	0.02824	0.01746	0.89512	0.01154	0.01746
GCT	ACT	GA	-0.85998	0.06886	0.04345	0.85998	0.02914	0.04345
GCT	GTT	CT	-0.08775	0.03491	0.03340	0.08775	0.03198	0.03340
GCC	TCC	GT	-0.09222	0.01378	0.01315	0.09222	0.01256	0.01315
GCC	CCC	GC	-1.15255	0.03207	0.01706	1.15255	0.01013	0.01706
GCC	ACC	GA	-0.44383	0.07819	0.06212	0.44383	0.05017	0.06212
GCC	GTC	CT	0.51060	0.03964	0.05062	-0.51060	0.06606	0.05062
GCC	GCT	CT	0.71774	0.03964	0.05556	-0.71774	0.08126	0.05556
GCA	TCA	GT	-0.07160	0.00744	0.00717	0.07160	0.00692	0.00717
GCA	CCA	GC	-0.64271	0.01731	0.01234	0.64271	0.00910	0.01234
GCA	ACA	GA	-0.04853	0.04221	0.04119	0.04853	0.04021	0.04119
GCA	GTA	CT	0.05213	0.02140	0.02196	-0.05213	0.02254	0.02196
GCA	GCT	AT	1.16884	0.00744	0.01261	-1.16884	0.02393	0.01261
GCA	GCC	AC	0.45110	0.01731	0.02151	-0.45110	0.02718	0.02151
GCG	TCG	GT	0.80345	0.00172	0.00251	-0.80345	0.00385	0.00251
GCG	CCG	GC	-0.35151	0.00401	0.00335	0.35151	0.00282	0.00335
GCG	ACG	GA	0.59416	0.00977	0.01296	-0.59416	0.01771	0.01296
GCG	GTG	CT	3.26719	0.00496	0.01683	-3.26719	0.13001	0.01683
GCG	GCT	GT	2.44568	0.00172	0.00461	-2.44568	0.01987	0.00461
GCG	GCC	GC	1.72793	0.00401	0.00842	-1.72793	0.02256	0.00842
GCG	GCA	GA	1.27683	0.00977	0.01731	-1.27683	0.03504	0.01731
GAT	TAT	GT	-0.38459	0.01300	0.01066	0.38459	0.00885	0.01066
GAT	CAT	GC	-1.45616	0.03025	0.01339	1.45616	0.00705	0.01339
GAT	AAT	GA	-0.19812	0.07375	0.06669	0.19812	0.06050	0.06669
GAT	GTT	AT	-0.32182	0.01300	0.01102	0.32182	0.00942	0.01102
GAT	GCT	AC	-0.23407	0.03025	0.02684	0.23407	0.02393	0.02684
GAC	TAC	GT	-0.38791	0.02192	0.01794	0.38791	0.01487	0.01794
GAC	CAC	GC	-1.19051	0.05102	0.02654	1.19051	0.01551	0.02654
GAC	AAC	GA	-1.04167	0.12440	0.07066	1.04167	0.04390	0.07066
GAC	GTC	AT	-0.11921	0.02192	0.02064	0.11921	0.01946	0.02064
GAC	GCC	AC	-0.62981	0.05102	0.03663	0.62981	0.02718	0.03663
GAC	GAT	CT	0.32200	0.06307	0.07377	-0.32200	0.08703	0.07377
GAA	CAA	GC	-1.32833	0.06049	0.02896	1.32833	0.01603	0.02896
GAA	AAA	GA	-0.40389	0.14750	0.11972	0.40389	0.09849	0.11972
GAA	GTA	AT	-1.36464	0.02599	0.01217	1.36464	0.00664	0.01217
GAA	GCA	AC	-1.41676	0.06049	0.02744	1.41676	0.01467	0.02744
GAA	GAT	AT	-0.01385	0.02599	0.02581	0.01385	0.02563	0.02581
GAA	GAC	AC	-0.33585	0.06049	0.05090	0.33585	0.04324	0.05090
GAG	CAG	GC	-0.52453	0.07798	0.05931	0.52453	0.04615	0.05931
GAG	AAG	GA	-0.32892	0.19015	0.16059	0.32892	0.13685	0.16059
GAG	GTG	AT	0.13360	0.03351	0.03579	-0.13360	0.03829	0.03579
GAG	GCG	AC	-3.13359	0.07798	0.01113	3.13359	0.00340	0.01113
GAG	GAT	GT	-0.45384	0.03351	0.02648	0.45384	0.02128	0.02648
GAG	GAC	GC	-0.77584	0.07798	0.05161	0.77584	0.03590	0.05161
GAG	GAA	GA	-0.43999	0.19015	0.15138	0.43999	0.12247	0.15138
GGT	TGT	GT	-0.02890	0.00462	0.00455	0.02890	0.00449	0.00455
GGT	CGT	GC	-1.33800	0.01075	0.00512	1.33800	0.00282	0.00512
GGT	AGT	GA	0.20237	0.02621	0.02895	-0.20237	0.03209	0.02895
GGT	GTT	GT	0.52663	0.00462	0.00594	-0.52663	0.00782	0.00594
GGT	GCT	GC	0.61438	0.01075	0.01439	-0.61438	0.01987	0.01439
GGT	GAT	GA	0.84845	0.02621	0.03889	-0.84845	0.06123	0.03889
GGC	TGC	GT	-0.05621	0.00963	0.00936	0.05621	0.00910	0.00936
GGC	CGC	GC	-1.29249	0.02241	0.01096	1.29249	0.00615	0.01096
GGC	AGC	GA	0.03225	0.05465	0.05553	-0.03225	0.05644	0.05553
GGC	GTC	GT	0.51739	0.00963	0.01233	-0.51739	0.01615	0.01233
GGC	GCC	GC	0.00679	0.02241	0.02249	-0.00679	0.02256	0.02249
GGC	GAC	GA	0.63660	0.05465	0.07387	-0.63660	0.10329	0.07387
GGC	GGT	CT	0.11016	0.02770	0.02926	-0.11016	0.03093	0.02926
GGA	CGA	GC	-1.37679	0.01676	0.00779	1.37679	0.00423	0.00779
GGA	AGA	GA	0.19005	0.04087	0.04488	-0.19005	0.04943	0.04488
GGA	GTA	GT	-0.26729	0.00720	0.00628	0.26729	0.00551	0.00628
GGA	GCA	GC	-0.31942	0.01676	0.01423	0.31942	0.01218	0.01423
GGA	GAA	GA	1.09734	0.04087	0.06732	-1.09734	0.12247	0.06732
GGA	GGT	AT	0.23505	0.00720	0.00808	-0.23505	0.00911	0.00808
GGA	GGC	AC	0.12489	0.01676	0.01783	-0.12489	0.01899	0.01783
GGG	TGG	GT	-0.30985	0.00752	0.00641	0.30985	0.00551	0.00641
GGG	CGG	GC	-0.23373	0.01749	0.01553	0.23373	0.01385	0.01553
GGG	AGG	GA	-0.33151	0.04265	0.03597	0.33151	0.03062	0.03597
GGG	GTG	GT	1.44237	0.00752	0.01419	-1.44237	0.03179	0.01419
GGG	GCG	GC	-1.82482	0.01749	0.00614	1.82482	0.00282	0.00614
GGG	GAG	GA	1.30877	0.04265	0.07648	-1.30877	0.15788	0.07648
GGG	GGT	GT	0.00648	0.00752	0.00754	-0.00648	0.00756	0.00754
GGG	GGC	GC	-0.10367	0.01749	0.01660	0.10367	0.01577	0.01660
GGG	GGA	GA	-0.22856	0.04265	0.03796	0.22856	0.03394	0.03796


Histograms
2Ns	FMut	FSub(CodonUsage)	FSubw(after w)

-3.59964	0.01447	0.00149
-3.23968	0.01387	0.00217
-2.87972	0.00437	0.00082
-2.51975	0.00133	0.00036
-2.15979	0.01677	0.00503
-1.79982	0.04201	0.01699
-1.43986	0.08623	0.04600
-1.07989	0.13669	0.08808
-0.71993	0.12344	0.09723
-0.35996	0.18336	0.17593
0.00000	0.11363	0.13181
0.35996	0.12689	0.17593
0.71993	0.05946	0.09723
1.07989	0.04645	0.08808
1.43986	0.02139	0.04600
1.79982	0.00671	0.01699
2.15979	0.00170	0.00503
2.51975	0.00011	0.00036
2.87972	0.00023	0.00082
3.23968	0.00056	0.00217
3.59964	0.00033	0.00149

Proportion of advantageous (S > 0) mutations:
 0.31810

Proportions of good & bad mutations (|S| > 2.0000) among mutations:
0.00293  0.05082

mean |Ns| = 0.85848	mean Ns+ = 0.60900	mean Ns- = -0.97486


MLEs of dN/dS (w) for site classes (K=4)

site class             0        1       2a       2b
proportion       0.37261  0.27375  0.20386  0.14978
background w     0.06537  1.00000  0.06537  1.00000
foreground w     0.06537  1.00000  1.00000  1.00000

Naive Empirical Bayes (NEB) probabilities for 4 classes
(amino acids refer to 1st sequence: Rhesus_macaque_Mx)

   1 I   0.00169 0.63969 0.00863 0.34999 ( 2)
   2 V   0.00001 0.64635 0.00000 0.35364 ( 2)
   3 K   0.16739 0.50367 0.05336 0.27557 ( 2)
   4 A   0.00001 0.64630 0.00007 0.35361 ( 2)
   5 D   0.01148 0.63731 0.00252 0.34869 ( 2)
   6 P   0.00012 0.63931 0.01078 0.34979 ( 2)
   7 A   0.00002 0.64625 0.00015 0.35358 ( 2)
   8 A   0.00004 0.64617 0.00025 0.35354 ( 2)
   9 A   0.00283 0.63472 0.01518 0.34727 ( 2)
  10 S   0.00000 0.64636 0.00000 0.35364 ( 2)
  11 Q   0.07051 0.59159 0.01422 0.32368 ( 2)
  12 P   0.04874 0.60210 0.01973 0.32943 ( 2)
  13 L   0.00196 0.64465 0.00068 0.35271 ( 2)
  14 L   0.00592 0.64126 0.00197 0.35085 ( 2)
  15 L   0.13906 0.52216 0.05309 0.28569 ( 2)
  16 N   0.00345 0.64337 0.00118 0.35201 ( 2)
  17 G   0.00329 0.62855 0.02426 0.34390 ( 2)
  18 D   0.00000 0.64635 0.00001 0.35364 ( 2)
  19 A   0.00002 0.64634 0.00001 0.35363 ( 2)
  20 D   0.00027 0.64489 0.00200 0.35284 ( 2)
  21 V   0.00000 0.64635 0.00001 0.35364 ( 2)
  22 A   0.00141 0.64205 0.00524 0.35129 ( 2)
  23 Q   0.54791 0.18140 0.17145 0.09925 ( 1)
  24 K   0.08323 0.57447 0.02799 0.31431 ( 2)
  25 S   0.00000 0.64635 0.00000 0.35364 ( 2)
  26 P   0.00000 0.64617 0.00029 0.35354 ( 2)
  27 G   0.00005 0.64548 0.00131 0.35316 ( 2)
  28 S   0.00021 0.64435 0.00290 0.35254 ( 2)
  29 V   0.00048 0.64596 0.00014 0.35342 ( 2)
  30 A   0.00012 0.64626 0.00003 0.35359 ( 2)
  31 E   0.00064 0.64387 0.00322 0.35228 ( 2)
  32 N   0.00007 0.64298 0.00515 0.35180 ( 2)
  33 N   0.09531 0.06126 0.80991 0.03352 ( 3)
  34 L   0.70570 0.03766 0.23603 0.02061 ( 1)
  35 C   0.06449 0.34127 0.40751 0.18672 ( 3)
  36 S   0.65658 0.10880 0.17510 0.05953 ( 1)
  37 Q   0.62926 0.10815 0.20341 0.05917 ( 1)
  38 Y   0.78291 0.00182 0.21428 0.00099 ( 1)
  39 E   0.17221 0.02757 0.78514 0.01508 ( 3)
  40 E   0.01382 0.04445 0.91741 0.02432 ( 3)
  41 K   0.76009 0.00513 0.23197 0.00281 ( 1)
  42 V   0.54894 0.11456 0.27381 0.06268 ( 1)
  43 R   0.18862 0.00388 0.80538 0.00212 ( 3)
  44 P   0.78249 0.00069 0.21644 0.00038 ( 1)
  45 C   0.81341 0.00044 0.18591 0.00024 ( 1)
  46 I   0.74582 0.00920 0.23995 0.00503 ( 1)
  47 D   0.79259 0.00194 0.20441 0.00106 ( 1)
  48 L   0.77981 0.00235 0.21656 0.00128 ( 1)
  49 I   0.18129 0.03998 0.75685 0.02188 ( 3)
  50 D   0.78498 0.00193 0.21204 0.00105 ( 1)
  51 S   0.04525 0.60827 0.01368 0.33280 ( 2)
  52 L   0.63806 0.05552 0.27604 0.03038 ( 1)
  53 R   0.80060 0.00161 0.19691 0.00088 ( 1)
  54 A   0.00959 0.21783 0.65340 0.11918 ( 3)
  55 L   0.74526 0.02951 0.20907 0.01615 ( 1)
  56 G   0.17455 0.00249 0.82159 0.00136 ( 3)
  57 V   0.62240 0.10590 0.21376 0.05794 ( 1)
  58 E   0.17939 0.02932 0.77525 0.01604 ( 3)
  59 Q   0.10413 0.30075 0.43057 0.16455 ( 3)
  60 D   0.78498 0.00193 0.21204 0.00105 ( 1)
  61 L   0.63396 0.05932 0.27426 0.03246 ( 1)
  62 A   0.00420 0.09872 0.84307 0.05401 ( 3)
  63 L   0.69962 0.04292 0.23399 0.02348 ( 1)
  64 P   0.78267 0.00052 0.21653 0.00028 ( 1)
  65 A   0.79280 0.00222 0.20377 0.00121 ( 1)
  66 I   0.73497 0.01145 0.24731 0.00627 ( 1)
  67 A   0.79172 0.00309 0.20350 0.00169 ( 1)
  68 V   0.74472 0.00086 0.25396 0.00047 ( 1)
  69 I   0.74473 0.01011 0.23962 0.00553 ( 1)
  70 G   0.81447 0.00040 0.18490 0.00022 ( 1)
  71 D   0.78498 0.00193 0.21204 0.00105 ( 1)
  72 Q   0.16134 0.04323 0.77178 0.02365 ( 3)
  73 S   0.23534 0.00322 0.75968 0.00176 ( 3)
  74 S   0.80336 0.00185 0.19378 0.00101 ( 1)
  75 G   0.82201 0.00048 0.17724 0.00026 ( 1)
  76 K   0.77698 0.00478 0.21563 0.00261 ( 1)
  77 S   0.80433 0.00074 0.19453 0.00040 ( 1)
  78 S   0.79804 0.00088 0.20060 0.00048 ( 1)
  79 V   0.19672 0.04444 0.73452 0.02432 ( 3)
  80 L   0.74889 0.02737 0.20876 0.01498 ( 1)
  81 E   0.75321 0.00718 0.23568 0.00393 ( 1)
  82 A   0.76627 0.00212 0.23045 0.00116 ( 1)
  83 L   0.65739 0.05428 0.25864 0.02970 ( 1)
  84 S   0.80362 0.00165 0.19382 0.00091 ( 1)
  85 G   0.82559 0.00046 0.17370 0.00025 ( 1)
  86 V   0.83845 0.00047 0.16082 0.00026 ( 1)
  87 A   0.15643 0.02205 0.80946 0.01206 ( 3)
  88 L   0.77784 0.00258 0.21817 0.00141 ( 1)
  89 P   0.78249 0.00069 0.21644 0.00038 ( 1)
  90 R   0.84069 0.00059 0.15840 0.00032 ( 1)
  91 G   0.20827 0.00363 0.78612 0.00198 ( 3)
  92 S   0.16128 0.02789 0.79557 0.01526 ( 3)
  93 G   0.82565 0.00034 0.17382 0.00019 ( 1)
  94 I   0.17044 0.03208 0.77993 0.01755 ( 3)
  95 V   0.21785 0.00259 0.77814 0.00142 ( 3)
  96 T   0.82668 0.00068 0.17227 0.00037 ( 1)
  97 R   0.81646 0.00113 0.18179 0.00062 ( 1)
  98 C   0.82264 0.00033 0.17685 0.00018 ( 1)
  99 P   0.79642 0.00117 0.20177 0.00064 ( 1)
 100 L   0.65799 0.03707 0.28466 0.02028 ( 1)
 101 V   0.56981 0.15073 0.19699 0.08247 ( 1)
 102 L   0.74419 0.03040 0.20877 0.01663 ( 1)
 103 K   0.73046 0.04326 0.20261 0.02367 ( 1)
 104 L   0.65629 0.03869 0.28385 0.02117 ( 1)
 105 K   0.70251 0.06625 0.19499 0.03625 ( 1)
 106 K   0.71438 0.05654 0.19815 0.03093 ( 1)
 107 L   0.14599 0.23193 0.49518 0.12690 ( 3)
 108 V   0.00000 0.64636 0.00000 0.35364 ( 2)
 109 N   0.00003 0.64627 0.00011 0.35359 ( 2)
 110 -   0.37261 0.27375 0.20386 0.14978 ( 1)
 111 E   0.00262 0.63757 0.01098 0.34883 ( 2)
 112 D   0.00972 0.63768 0.00370 0.34890 ( 2)
 113 E   0.14499 0.52331 0.04538 0.28632 ( 2)
 114 W   0.80566 0.00047 0.19362 0.00026 ( 1)
 115 R   0.07028 0.58379 0.02652 0.31941 ( 2)
 116 G   0.82196 0.00055 0.17720 0.00030 ( 1)
 117 K   0.01333 0.02371 0.94999 0.01297 ( 3)
 118 V   0.70281 0.01172 0.27906 0.00641 ( 1)
 119 S   0.00005 0.64609 0.00036 0.35350 ( 2)
 120 Y   0.74429 0.03255 0.20535 0.01781 ( 1)
 121 Q   0.00001 0.64635 0.00000 0.35364 ( 2)
 122 D   0.77947 0.01546 0.19661 0.00846 ( 1)
 123 Y   0.00000 0.64636 0.00000 0.35364 ( 2)
 124 E   0.00261 0.17828 0.72157 0.09754 ( 3)
 125 I   0.00046 0.64496 0.00171 0.35288 ( 2)
 126 E   0.01137 0.05616 0.90174 0.03073 ( 3)
 127 I   0.00861 0.63885 0.00300 0.34954 ( 2)
 128 L   0.00125 0.64521 0.00053 0.35301 ( 2)
 129 D   0.05378 0.36169 0.38663 0.19789 ( 3)
 130 A   0.24895 0.44395 0.06420 0.24290 ( 2)
 131 S   0.75524 0.00483 0.23729 0.00264 ( 1)
 132 E   0.00854 0.63910 0.00269 0.34967 ( 2)
 133 V   0.74029 0.00438 0.25294 0.00240 ( 1)
 134 E   0.16507 0.03018 0.78823 0.01651 ( 3)
 135 K   0.00004 0.64623 0.00016 0.35357 ( 2)
 136 E   0.15877 0.51563 0.04348 0.28212 ( 2)
 137 I   0.69231 0.09307 0.16369 0.05092 ( 1)
 138 N   0.14717 0.52005 0.04824 0.28454 ( 2)
 139 K   0.01502 0.59625 0.06249 0.32623 ( 2)
 140 A   0.72237 0.04661 0.20551 0.02550 ( 1)
 141 Q   0.74272 0.01056 0.24095 0.00578 ( 1)
 142 N   0.13605 0.52895 0.04559 0.28941 ( 2)
 143 T   0.00000 0.64635 0.00001 0.35364 ( 2)
 144 I   0.58160 0.13617 0.20772 0.07451 ( 1)
 145 A   0.75034 0.00540 0.24130 0.00295 ( 1)
 146 G   0.81858 0.00039 0.18081 0.00021 ( 1)
 147 E   0.02672 0.62347 0.00870 0.34112 ( 2)
 148 G   0.07791 0.25407 0.52901 0.13901 ( 3)
 149 M   0.00000 0.64636 0.00000 0.35364 ( 2)
 150 G   0.00371 0.63243 0.01785 0.34602 ( 2)
 151 I   0.74435 0.01043 0.23951 0.00571 ( 1)
 152 S   0.81475 0.00050 0.18448 0.00027 ( 1)
 153 H   0.00131 0.64530 0.00033 0.35306 ( 2)
 154 E   0.16641 0.50513 0.05208 0.27637 ( 2)
 155 L   0.76365 0.00548 0.22786 0.00300 ( 1)
 156 I   0.74685 0.00834 0.24025 0.00456 ( 1)
 157 T   0.06966 0.58646 0.02300 0.32087 ( 2)
 158 L   0.73209 0.03295 0.21694 0.01803 ( 1)
 159 E   0.64458 0.09935 0.20172 0.05436 ( 1)
 160 I   0.49592 0.18970 0.21059 0.10379 ( 1)
 161 S   0.19392 0.06365 0.70760 0.03483 ( 3)
 162 S   0.79657 0.00127 0.20147 0.00069 ( 1)
 163 R   0.76509 0.02196 0.20094 0.01201 ( 1)
 164 D   0.01636 0.52057 0.17824 0.28482 ( 2)
 165 V   0.81817 0.00050 0.18106 0.00027 ( 1)
 166 P   0.79238 0.00067 0.20658 0.00037 ( 1)
 167 D   0.78517 0.00175 0.21212 0.00096 ( 1)
 168 L   0.63396 0.05932 0.27426 0.03246 ( 1)
 169 T   0.79718 0.00054 0.20199 0.00030 ( 1)
 170 L   0.75094 0.01607 0.22420 0.00879 ( 1)
 171 I   0.75329 0.00282 0.24235 0.00154 ( 1)
 172 D   0.79259 0.00194 0.20441 0.00106 ( 1)
 173 L   0.77726 0.00306 0.21801 0.00167 ( 1)
 174 P   0.78081 0.00198 0.21613 0.00108 ( 1)
 175 G   0.81437 0.00052 0.18482 0.00029 ( 1)
 176 I   0.74625 0.00881 0.24012 0.00482 ( 1)
 177 T   0.72446 0.01167 0.25749 0.00638 ( 1)
 178 R   0.80216 0.00038 0.19725 0.00021 ( 1)
 179 V   0.14774 0.02026 0.82091 0.01108 ( 3)
 180 A   0.77191 0.00543 0.21969 0.00297 ( 1)
 181 V   0.17227 0.03566 0.77256 0.01951 ( 3)
 182 G   0.23491 0.00523 0.75700 0.00286 ( 3)
 183 N   0.81745 0.00853 0.16936 0.00467 ( 1)
 184 Q   0.73095 0.01116 0.25180 0.00610 ( 1)
 185 P   0.79157 0.00138 0.20630 0.00075 ( 1)
 186 P   0.00000 0.64636 0.00000 0.35364 ( 2)
 187 D   0.78536 0.00196 0.21161 0.00107 ( 1)
 188 I   0.15251 0.03297 0.79649 0.01804 ( 3)
 189 G   0.55663 0.20642 0.12401 0.11294 ( 1)
 190 Y   0.00001 0.64632 0.00004 0.35362 ( 2)
 191 K   0.12360 0.53894 0.04260 0.29487 ( 2)
 192 I   0.58762 0.13551 0.20273 0.07414 ( 1)
 193 K   0.77698 0.00478 0.21563 0.00261 ( 1)
 194 T   0.00010 0.64602 0.00042 0.35346 ( 2)
 195 L   0.76605 0.00353 0.22849 0.00193 ( 1)
 196 I   0.15030 0.04233 0.78422 0.02316 ( 3)
 197 R   0.00088 0.64561 0.00028 0.35323 ( 2)
 198 K   0.22296 0.46225 0.06187 0.25291 ( 2)
 199 Y   0.01209 0.02750 0.94537 0.01505 ( 3)
 200 I   0.74392 0.01079 0.23938 0.00590 ( 1)
 201 Q   0.00000 0.64636 0.00000 0.35364 ( 2)
 202 R   0.00058 0.64393 0.00317 0.35232 ( 2)
 203 Q   0.61839 0.11858 0.19816 0.06488 ( 1)
 204 E   0.75210 0.00699 0.23709 0.00382 ( 1)
 205 T   0.79704 0.00064 0.20196 0.00035 ( 1)
 206 I   0.72968 0.01201 0.25174 0.00657 ( 1)
 207 N   0.16937 0.01014 0.81494 0.00555 ( 3)
 208 L   0.13174 0.08064 0.74351 0.04412 ( 3)
 209 V   0.83339 0.00460 0.15950 0.00252 ( 1)
 210 V   0.73599 0.00803 0.25160 0.00439 ( 1)
 211 V   0.79145 0.00070 0.20746 0.00038 ( 1)
 212 P   0.79257 0.00062 0.20647 0.00034 ( 1)
 213 S   0.00894 0.63931 0.00196 0.34979 ( 2)
 214 N   0.83058 0.00020 0.16912 0.00011 ( 1)
 215 V   0.73380 0.00991 0.25086 0.00542 ( 1)
 216 D   0.79259 0.00194 0.20441 0.00106 ( 1)
 217 I   0.74742 0.00786 0.24042 0.00430 ( 1)
 218 A   0.79262 0.00236 0.20373 0.00129 ( 1)
 219 T   0.79692 0.00074 0.20193 0.00041 ( 1)
 220 T   0.79656 0.00097 0.20194 0.00053 ( 1)
 221 E   0.74984 0.00722 0.23900 0.00395 ( 1)
 222 A   0.83722 0.00019 0.16248 0.00010 ( 1)
 223 L   0.63587 0.05755 0.27509 0.03149 ( 1)
 224 S   0.00071 0.64571 0.00029 0.35329 ( 2)
 225 M   0.85643 0.00006 0.14348 0.00003 ( 1)
 226 A   0.74996 0.00572 0.24119 0.00313 ( 1)
 227 Q   0.76368 0.00884 0.22264 0.00484 ( 1)
 228 E   0.64912 0.09453 0.20462 0.05172 ( 1)
 229 V   0.73380 0.00991 0.25086 0.00542 ( 1)
 230 D   0.78536 0.00196 0.21161 0.00107 ( 1)
 231 P   0.79838 0.00094 0.20017 0.00051 ( 1)
 232 E   0.00007 0.64605 0.00040 0.35348 ( 2)
 233 G   0.81430 0.00051 0.18491 0.00028 ( 1)
 234 D   0.69944 0.03367 0.24847 0.01842 ( 1)
 235 R   0.84142 0.00019 0.15829 0.00010 ( 1)
 236 T   0.80680 0.00068 0.19215 0.00037 ( 1)
 237 I   0.71191 0.04009 0.22607 0.02193 ( 1)
 238 G   0.82200 0.00044 0.17731 0.00024 ( 1)
 239 I   0.08055 0.35616 0.36842 0.19487 ( 3)
 240 L   0.76677 0.01424 0.21119 0.00779 ( 1)
 241 T   0.81098 0.00066 0.18801 0.00036 ( 1)
 242 K   0.77698 0.00478 0.21563 0.00261 ( 1)
 243 P   0.78898 0.00121 0.20916 0.00066 ( 1)
 244 D   0.78651 0.00158 0.21105 0.00086 ( 1)
 245 L   0.67002 0.05193 0.24964 0.02841 ( 1)
 246 V   0.73380 0.00991 0.25086 0.00542 ( 1)
 247 D   0.22036 0.00834 0.76675 0.00456 ( 3)
 248 K   0.00079 0.60105 0.06930 0.32886 ( 2)
 249 G   0.81437 0.00048 0.18489 0.00026 ( 1)
 250 T   0.81783 0.00762 0.17037 0.00417 ( 1)
 251 E   0.75380 0.00671 0.23581 0.00367 ( 1)
 252 D   0.04169 0.60988 0.01474 0.33368 ( 2)
 253 K   0.00822 0.26086 0.58820 0.14272 ( 3)
 254 V   0.18129 0.08883 0.68128 0.04860 ( 3)
 255 V   0.00987 0.56264 0.11965 0.30784 ( 2)
 256 D   0.01169 0.15512 0.74831 0.08487 ( 3)
 257 V   0.62240 0.10590 0.21376 0.05794 ( 1)
 258 V   0.00212 0.64056 0.00685 0.35047 ( 2)
 259 R   0.47419 0.22962 0.17056 0.12563 ( 1)
 260 N   0.83313 0.00007 0.16675 0.00004 ( 1)
 261 L   0.09608 0.55725 0.04179 0.30489 ( 2)
 262 V   0.81686 0.00153 0.18078 0.00084 ( 1)
 263 F   0.00107 0.64540 0.00042 0.35312 ( 2)
 264 H   0.64298 0.11970 0.17183 0.06549 ( 1)
 265 L   0.74811 0.02998 0.20551 0.01640 ( 1)
 266 K   0.72405 0.03973 0.21448 0.02174 ( 1)
 267 K   0.77698 0.00478 0.21563 0.00261 ( 1)
 268 G   0.81787 0.00060 0.18120 0.00033 ( 1)
 269 Y   0.78199 0.00197 0.21495 0.00108 ( 1)
 270 M   0.85643 0.00006 0.14348 0.00003 ( 1)
 271 I   0.17258 0.04031 0.76506 0.02205 ( 3)
 272 V   0.74465 0.00091 0.25393 0.00050 ( 1)
 273 K   0.76533 0.00509 0.22680 0.00278 ( 1)
 274 C   0.82250 0.00041 0.17687 0.00022 ( 1)
 275 R   0.02074 0.00741 0.96779 0.00406 ( 3)
 276 G   0.82302 0.00048 0.17624 0.00026 ( 1)
 277 Q   0.76368 0.00884 0.22264 0.00484 ( 1)
 278 Q   0.03388 0.18601 0.67834 0.10177 ( 3)
 279 E   0.43636 0.28813 0.11787 0.15764 ( 1)
 280 I   0.13920 0.04579 0.78995 0.02505 ( 3)
 281 Q   0.00154 0.59080 0.08442 0.32324 ( 2)
 282 D   0.00790 0.64023 0.00158 0.35029 ( 2)
 283 Q   0.01205 0.58760 0.07886 0.32149 ( 2)
 284 L   0.03053 0.61886 0.01201 0.33860 ( 2)
 285 S   0.14711 0.07188 0.74168 0.03933 ( 3)
 286 L   0.13762 0.13519 0.65323 0.07397 ( 3)
 287 S   0.00189 0.64034 0.00742 0.35035 ( 2)
 288 E   0.00432 0.64274 0.00128 0.35166 ( 2)
 289 A   0.78335 0.00335 0.21146 0.00184 ( 1)
 290 L   0.05444 0.59694 0.02201 0.32661 ( 2)
 291 Q   0.16465 0.04865 0.76008 0.02662 ( 3)
 292 R   0.01553 0.63269 0.00561 0.34617 ( 2)
 293 E   0.75211 0.00698 0.23709 0.00382 ( 1)
 294 K   0.00196 0.64473 0.00056 0.35275 ( 2)
 295 I   0.00000 0.64635 0.00001 0.35364 ( 2)
 296 F   0.78055 0.00217 0.21609 0.00119 ( 1)
 297 F   0.76173 0.00442 0.23144 0.00242 ( 1)
 298 E   0.18253 0.49098 0.05787 0.26863 ( 2)
 299 D   0.00033 0.64608 0.00010 0.35349 ( 2)
 300 H   0.82239 0.00031 0.17714 0.00017 ( 1)
 301 P   0.00014 0.64624 0.00005 0.35358 ( 2)
 302 H   0.00034 0.63542 0.01658 0.34766 ( 2)
 303 F   0.78055 0.00217 0.21609 0.00119 ( 1)
 304 R   0.70570 0.06862 0.18814 0.03754 ( 1)
 305 D   0.00018 0.64559 0.00101 0.35322 ( 2)
 306 L   0.77676 0.00347 0.21788 0.00190 ( 1)
 307 L   0.64215 0.05174 0.27780 0.02831 ( 1)
 308 E   0.71074 0.06043 0.19577 0.03306 ( 1)
 309 E   0.08386 0.32105 0.41944 0.17566 ( 3)
 310 G   0.58342 0.12177 0.22819 0.06662 ( 1)
 311 K   0.21948 0.46111 0.06711 0.25229 ( 2)
 312 A   0.75278 0.00337 0.24200 0.00185 ( 1)
 313 T   0.82685 0.00056 0.17228 0.00031 ( 1)
 314 I   0.03281 0.61629 0.01371 0.33719 ( 2)
 315 P   0.79090 0.00061 0.20815 0.00033 ( 1)
 316 C   0.02984 0.62134 0.00887 0.33995 ( 2)
 317 L   0.63937 0.05431 0.27659 0.02972 ( 1)
 318 A   0.79427 0.00097 0.20424 0.00053 ( 1)
 319 E   0.00065 0.61221 0.05218 0.33496 ( 2)
 320 K   0.23122 0.44921 0.07380 0.24578 ( 2)
 321 L   0.75573 0.02180 0.21055 0.01192 ( 1)
 322 T   0.79697 0.00071 0.20194 0.00039 ( 1)
 323 S   0.00000 0.64636 0.00000 0.35364 ( 2)
 324 E   0.75319 0.00718 0.23570 0.00393 ( 1)
 325 L   0.77802 0.00243 0.21822 0.00133 ( 1)
 326 I   0.16460 0.50173 0.05916 0.27451 ( 2)
 327 A   0.00049 0.64438 0.00256 0.35256 ( 2)
 328 H   0.26705 0.00153 0.73059 0.00084 ( 3)
 329 I   0.74424 0.01052 0.23948 0.00576 ( 1)
 330 C   0.45023 0.23838 0.18096 0.13043 ( 1)
 331 K   0.77942 0.00284 0.21618 0.00156 ( 1)
 332 S   0.55446 0.20742 0.12463 0.11349 ( 1)
 333 L   0.69962 0.04292 0.23399 0.02348 ( 1)
 334 P   0.78234 0.00082 0.21639 0.00045 ( 1)
 335 L   0.00060 0.64338 0.00402 0.35201 ( 2)
 336 L   0.73173 0.04556 0.19778 0.02493 ( 1)
 337 E   0.75210 0.00695 0.23715 0.00380 ( 1)
 338 N   0.01377 0.17517 0.71522 0.09584 ( 3)
 339 Q   0.77023 0.00353 0.22430 0.00193 ( 1)
 340 I   0.22579 0.00446 0.76730 0.00244 ( 3)
 341 K   0.00187 0.64151 0.00563 0.35099 ( 2)
 342 E   0.00043 0.64482 0.00195 0.35280 ( 2)
 343 S   0.00000 0.64635 0.00001 0.35364 ( 2)
 344 H   0.65475 0.03596 0.28961 0.01968 ( 1)
 345 Q   0.63263 0.11824 0.18443 0.06469 ( 1)
 346 G   0.00000 0.64635 0.00001 0.35364 ( 2)
 347 I   0.00867 0.60452 0.05606 0.33075 ( 2)
 348 T   0.00077 0.56021 0.13251 0.30651 ( 2)
 349 E   0.06545 0.15224 0.69902 0.08329 ( 3)
 350 E   0.75320 0.00717 0.23571 0.00392 ( 1)
 351 L   0.76412 0.00739 0.22444 0.00404 ( 1)
 352 Q   0.76744 0.00581 0.22357 0.00318 ( 1)
 353 K   0.76001 0.00520 0.23195 0.00284 ( 1)
 354 Y   0.78143 0.00192 0.21559 0.00105 ( 1)
 355 G   0.13474 0.04268 0.79923 0.02335 ( 3)
 356 V   0.00000 0.64636 0.00000 0.35364 ( 2)
 357 D   0.16171 0.07977 0.71487 0.04365 ( 3)
 358 I   0.04244 0.61049 0.01306 0.33402 ( 2)
 359 P   0.20684 0.00477 0.78579 0.00261 ( 3)
 360 E   0.02059 0.50728 0.19457 0.27755 ( 2)
 361 D   0.00345 0.62887 0.02361 0.34407 ( 2)
 362 E   0.04270 0.27912 0.52545 0.15272 ( 3)
 363 N   0.00006 0.64598 0.00052 0.35344 ( 2)
 364 E   0.00072 0.64378 0.00326 0.35223 ( 2)
 365 K   0.71655 0.04095 0.22009 0.02241 ( 1)
 366 M   0.01735 0.02886 0.93800 0.01579 ( 3)
 367 F   0.00110 0.58060 0.10064 0.31766 ( 2)
 368 F   0.29340 0.40417 0.08130 0.22113 ( 2)
 369 L   0.74514 0.03051 0.20766 0.01669 ( 1)
 370 I   0.00188 0.51000 0.20908 0.27904 ( 2)
 371 D   0.02209 0.53075 0.15677 0.29039 ( 2)
 372 K   0.20144 0.46733 0.07554 0.25569 ( 2)
 373 I   0.08481 0.57263 0.02926 0.31330 ( 2)
 374 N   0.05723 0.59319 0.02502 0.32456 ( 2)
 375 A   0.00101 0.61255 0.05130 0.33514 ( 2)
 376 F   0.75060 0.00531 0.24119 0.00291 ( 1)
 377 N   0.79908 0.00087 0.19957 0.00048 ( 1)
 378 Q   0.00000 0.64634 0.00002 0.35364 ( 2)
 379 D   0.40969 0.31041 0.11006 0.16984 ( 1)
 380 I   0.15459 0.06436 0.74583 0.03521 ( 3)
 381 T   0.00000 0.64636 0.00000 0.35364 ( 2)
 382 A   0.00000 0.64636 0.00000 0.35364 ( 2)
 383 L   0.00004 0.64351 0.00437 0.35209 ( 2)
 384 I   0.08232 0.42492 0.26027 0.23249 ( 2)
 385 Q   0.00213 0.58244 0.09677 0.31867 ( 2)
 386 G   0.79918 0.01237 0.18168 0.00677 ( 1)
 387 E   0.08130 0.34104 0.39106 0.18660 ( 3)
 388 E   0.75375 0.00676 0.23580 0.00370 ( 1)
 389 T   0.00000 0.64636 0.00000 0.35364 ( 2)
 390 V   0.02410 0.54843 0.12740 0.30006 ( 2)
 391 G   0.00005 0.64631 0.00002 0.35362 ( 2)
 392 E   0.00180 0.64490 0.00046 0.35284 ( 2)
 393 D   0.00025 0.64616 0.00006 0.35353 ( 2)
 394 D   0.00668 0.64063 0.00217 0.35051 ( 2)
 395 S   0.00258 0.64405 0.00099 0.35238 ( 2)
 396 R   0.80059 0.00161 0.19692 0.00088 ( 1)
 397 L   0.68645 0.04198 0.24860 0.02297 ( 1)
 398 F   0.74994 0.00586 0.24099 0.00321 ( 1)
 399 T   0.09529 0.02266 0.86964 0.01240 ( 3)
 400 R   0.72720 0.04593 0.20174 0.02513 ( 1)
 401 L   0.00060 0.64398 0.00307 0.35234 ( 2)
 402 R   0.84386 0.00058 0.15524 0.00032 ( 1)
 403 R   0.00002 0.64629 0.00008 0.35361 ( 2)
 404 E   0.74981 0.00724 0.23899 0.00396 ( 1)
 405 F   0.75242 0.00378 0.24174 0.00207 ( 1)
 406 H   0.00002 0.64627 0.00011 0.35360 ( 2)
 407 K   0.01741 0.63223 0.00445 0.34591 ( 2)
 408 W   0.80566 0.00047 0.19362 0.00026 ( 1)
 409 G   0.00628 0.64134 0.00148 0.35090 ( 2)
 410 I   0.00002 0.64630 0.00007 0.35361 ( 2)
 411 I   0.00000 0.64633 0.00005 0.35363 ( 2)
 412 I   0.26233 0.42440 0.08107 0.23220 ( 2)
 413 E   0.10010 0.54708 0.05350 0.29932 ( 2)
 414 N   0.13616 0.52912 0.04523 0.28950 ( 2)
 415 N   0.00588 0.62905 0.02090 0.34417 ( 2)
 416 L   0.02102 0.56280 0.10825 0.30793 ( 2)
 417 Q   0.00007 0.64630 0.00002 0.35361 ( 2)
 418 E   0.03561 0.61657 0.01048 0.33734 ( 2)
 419 -   0.37261 0.27375 0.20386 0.14978 ( 1)
 420 -   0.37261 0.27375 0.20386 0.14978 ( 1)
 421 G   0.63940 0.14479 0.13659 0.07922 ( 1)
 422 H   0.00002 0.64627 0.00012 0.35359 ( 2)
 423 K   0.00000 0.64635 0.00001 0.35364 ( 2)
 424 I   0.00001 0.64630 0.00007 0.35361 ( 2)
 425 T   0.00003 0.64627 0.00011 0.35359 ( 2)
 426 S   0.00000 0.64635 0.00001 0.35364 ( 2)
 427 R   0.27968 0.42428 0.06390 0.23214 ( 2)
 428 K   0.00536 0.64190 0.00153 0.35121 ( 2)
 429 M   0.13789 0.24311 0.48599 0.13301 ( 3)
 430 Q   0.00000 0.64635 0.00001 0.35364 ( 2)
 431 K   0.01371 0.63504 0.00380 0.34745 ( 2)
 432 F   0.66441 0.08888 0.19808 0.04863 ( 1)
 433 E   0.75391 0.00662 0.23585 0.00362 ( 1)
 434 N   0.50549 0.21003 0.16956 0.11491 ( 1)
 435 Q   0.01109 0.63672 0.00382 0.34837 ( 2)
 436 Y   0.78149 0.00188 0.21560 0.00103 ( 1)
 437 R   0.85110 0.00012 0.14871 0.00006 ( 1)
 438 G   0.81438 0.00055 0.18477 0.00030 ( 1)
 439 R   0.79246 0.00141 0.20535 0.00077 ( 1)
 440 E   0.64701 0.09633 0.20396 0.05270 ( 1)
 441 L   0.48225 0.19123 0.22189 0.10463 ( 1)
 442 P   0.79165 0.00122 0.20645 0.00067 ( 1)
 443 G   0.20831 0.00270 0.78752 0.00147 ( 3)
 444 F   0.75938 0.00584 0.23159 0.00319 ( 1)
 445 V   0.54894 0.11456 0.27381 0.06268 ( 1)
 446 N   0.22900 0.07608 0.65330 0.04162 ( 3)
 447 Y   0.78137 0.00197 0.21558 0.00108 ( 1)
 448 R   0.04639 0.50639 0.17016 0.27706 ( 2)
 449 T   0.78433 0.01750 0.18860 0.00957 ( 1)
 450 F   0.74961 0.00614 0.24088 0.00336 ( 1)
 451 E   0.75188 0.00717 0.23702 0.00393 ( 1)
 452 T   0.00020 0.64619 0.00007 0.35355 ( 2)
 453 I   0.74482 0.01003 0.23965 0.00549 ( 1)
 454 V   0.77530 0.02698 0.18296 0.01476 ( 1)
 455 K   0.77906 0.00313 0.21609 0.00171 ( 1)
 456 Q   0.01766 0.63052 0.00685 0.34498 ( 2)
 457 Q   0.25065 0.43717 0.07300 0.23919 ( 2)
 458 I   0.19069 0.47999 0.06670 0.26262 ( 2)
 459 K   0.00000 0.64613 0.00035 0.35352 ( 2)
 460 A   0.00013 0.63985 0.00994 0.35008 ( 2)
 461 L   0.67393 0.04839 0.25120 0.02648 ( 1)
 462 E   0.75210 0.00695 0.23715 0.00380 ( 1)
 463 E   0.75196 0.00711 0.23705 0.00389 ( 1)
 464 P   0.77317 0.01632 0.20159 0.00893 ( 1)
 465 A   0.74909 0.00645 0.24093 0.00353 ( 1)
 466 V   0.09937 0.37131 0.32617 0.20316 ( 2)
 467 N   0.00288 0.63780 0.01036 0.34896 ( 2)
 468 M   0.26670 0.00072 0.73219 0.00039 ( 3)
 469 L   0.64673 0.04751 0.27977 0.02599 ( 1)
 470 H   0.74574 0.07352 0.14051 0.04023 ( 1)
 471 T   0.08112 0.36511 0.35401 0.19976 ( 2)
 472 V   0.62450 0.10480 0.21337 0.05734 ( 1)
 473 T   0.69385 0.01180 0.28790 0.00645 ( 1)
 474 D   0.00001 0.64592 0.00067 0.35340 ( 2)
 475 M   0.15525 0.24003 0.47340 0.13133 ( 3)
 476 V   0.82869 0.00794 0.15902 0.00435 ( 1)
 477 R   0.00074 0.64570 0.00028 0.35328 ( 2)
 478 L   0.00000 0.64636 0.00000 0.35364 ( 2)
 479 A   0.02270 0.62488 0.01052 0.34189 ( 2)
 480 F   0.75346 0.00291 0.24204 0.00159 ( 1)
 481 T   0.00001 0.64635 0.00000 0.35364 ( 2)
 482 D   0.00063 0.64367 0.00354 0.35217 ( 2)
 483 V   0.09995 0.55752 0.03750 0.30504 ( 2)
 484 S   0.02083 0.55840 0.11524 0.30552 ( 2)
 485 M   0.00000 0.64636 0.00000 0.35364 ( 2)
 486 K   0.00244 0.64430 0.00075 0.35252 ( 2)
 487 N   0.00766 0.62628 0.02341 0.34266 ( 2)
 488 F   0.74937 0.00635 0.24081 0.00347 ( 1)
 489 E   0.00020 0.64618 0.00007 0.35355 ( 2)
 490 E   0.31547 0.38027 0.09620 0.20806 ( 2)
 491 L   0.65205 0.08947 0.20953 0.04895 ( 1)
 492 F   0.00314 0.63204 0.01901 0.34581 ( 2)
 493 N   0.83313 0.00007 0.16675 0.00004 ( 1)
 494 L   0.77919 0.00571 0.21198 0.00312 ( 1)
 495 H   0.01149 0.63719 0.00269 0.34863 ( 2)
 496 R   0.00476 0.48266 0.24850 0.26408 ( 2)
 497 T   0.71062 0.00846 0.27628 0.00463 ( 1)
 498 A   0.33202 0.36276 0.10674 0.19848 ( 2)
