Supplemental results for CODEML (seqf: ../../../myxovirus.aln  treef: ../../../myxovirus_branch_chicken.tree)

I	J	ij	2Ns_IJ	pMut_IJ	pSub_IJ	2Ns_JI	pMut_JI	pSub_JI

TTC	TTT	CT	0.75700	0.03251	0.04636	-0.75700	0.06932	0.04636
TTA	TTT	AT	1.95905	0.00287	0.00654	-1.95905	0.02033	0.00654
TTA	TTC	AC	1.20205	0.00671	0.01153	-1.20205	0.02232	0.01153
TTG	TTT	GT	0.89436	0.00697	0.01055	-0.89436	0.01705	0.01055
TTG	TTC	GC	0.13735	0.01632	0.01746	-0.13735	0.01872	0.01746
TTG	TTA	GA	-1.06470	0.03955	0.02216	1.06470	0.01364	0.02216
TCT	TTT	CT	1.58173	0.01425	0.02838	-1.58173	0.06932	0.02838
TCC	TTC	CT	1.24890	0.02182	0.03822	-1.24890	0.07609	0.03822
TCC	TCT	CT	0.42418	0.02182	0.02678	-0.42418	0.03336	0.02678
TCA	TTA	CT	0.47220	0.01203	0.01509	-0.47220	0.01928	0.01509
TCA	TCT	AT	0.84952	0.00418	0.00621	-0.84952	0.00978	0.00621
TCA	TCC	AC	0.42534	0.00979	0.01202	-0.42534	0.01498	0.01202
TCG	TTG	CT	1.94887	0.00668	0.01518	-1.94887	0.04691	0.01518
TCG	TCT	GT	1.26150	0.00232	0.00409	-1.26150	0.00821	0.00409
TCG	TCC	GC	0.83733	0.00544	0.00803	-0.83733	0.01256	0.00803
TCG	TCA	GA	0.41198	0.01318	0.01608	-0.41198	0.01990	0.01608
TAT	TTT	AT	1.33587	0.00535	0.00969	-1.33587	0.02033	0.00969
TAT	TCT	AC	-0.24586	0.01251	0.01103	0.24586	0.00978	0.01103
TAC	TTC	AT	0.90964	0.00899	0.01368	-0.90964	0.02232	0.01368
TAC	TCC	AC	-0.33926	0.02103	0.01766	0.33926	0.01498	0.01766
TAC	TAT	CT	0.33078	0.02583	0.03034	-0.33078	0.03596	0.03034
TGT	TTT	GT	1.83882	0.00271	0.00593	-1.83882	0.01705	0.00593
TGT	TCT	GC	0.25709	0.00635	0.00720	-0.25709	0.00821	0.00720
TGT	TAT	GA	0.50295	0.01538	0.01957	-0.50295	0.02543	0.01957
TGC	TTC	GT	1.22474	0.00550	0.00954	-1.22474	0.01872	0.00954
TGC	TCC	GC	-0.02416	0.01287	0.01272	0.02416	0.01256	0.01272
TGC	TAC	GA	0.31511	0.03120	0.03637	-0.31511	0.04276	0.03637
TGC	TGT	CT	0.14293	0.01581	0.01697	-0.14293	0.01824	0.01697
TGG	TTG	GT	1.24243	0.00333	0.00582	-1.24243	0.01154	0.00582
TGG	TCG	GC	-0.70645	0.00780	0.00536	0.70645	0.00385	0.00536
TGG	TGT	GT	0.29797	0.00333	0.00385	-0.29797	0.00449	0.00385
TGG	TGC	GC	0.15504	0.00780	0.00842	-0.15504	0.00910	0.00842
CTT	TTT	CT	1.17626	0.02138	0.03636	-1.17626	0.06932	0.03636
CTC	TTC	CT	1.02168	0.02739	0.04373	-1.02168	0.07609	0.04373
CTC	CTT	CT	0.60243	0.02739	0.03647	-0.60243	0.05003	0.03647
CTA	TTA	CT	0.56936	0.01091	0.01431	-0.56936	0.01928	0.01431
CTA	CTT	AT	1.35215	0.00380	0.00692	-1.35215	0.01467	0.00692
CTA	CTC	AC	0.74972	0.00888	0.01263	-0.74972	0.01880	0.01263
CTG	TTG	CT	-0.67579	0.09220	0.06453	0.67579	0.04691	0.06453
CTG	CTT	GT	-0.95770	0.03207	0.01913	0.95770	0.01231	0.01913
CTG	CTC	GC	-1.56013	0.07505	0.03115	1.56013	0.01577	0.03115
CTG	CTA	GA	-2.30985	0.18192	0.04631	2.30985	0.01806	0.04631
CCT	TCT	CT	0.50934	0.02004	0.02558	-0.50934	0.03336	0.02558
CCT	CTT	CT	0.91480	0.02004	0.03059	-0.91480	0.05003	0.03059
CCC	TCC	CT	1.06578	0.01759	0.02860	-1.06578	0.05108	0.02860
CCC	CTC	CT	1.29300	0.01759	0.03135	-1.29300	0.06411	0.03135
CCC	CCT	CT	0.98062	0.01759	0.02761	-0.98062	0.04691	0.02761
CCA	TCA	CT	0.57657	0.01581	0.02081	-0.57657	0.02814	0.02081
CCA	CTA	CT	0.47940	0.01581	0.01990	-0.47940	0.02554	0.01990
CCA	CCT	AT	0.91675	0.00550	0.00840	-0.91675	0.01376	0.00840
CCA	CCC	AC	-0.06387	0.01287	0.01246	0.06387	0.01207	0.01246
CCG	TCG	CT	1.16042	0.00490	0.00828	-1.16042	0.01564	0.00828
CCG	CTG	CT	3.78509	0.00490	0.01898	-3.78509	0.21577	0.01898
CCG	CCT	GT	1.91259	0.00170	0.00382	-1.91259	0.01154	0.00382
CCG	CCC	GC	0.93196	0.00399	0.00613	-0.93196	0.01013	0.00613
CCG	CCA	GA	0.99583	0.00967	0.01527	-0.99583	0.02617	0.01527
CAT	TAT	CT	1.07704	0.01225	0.02001	-1.07704	0.03596	0.02001
CAT	CTT	AT	1.23664	0.00426	0.00742	-1.23664	0.01467	0.00742
CAT	CCT	AC	0.32184	0.00997	0.01166	-0.32184	0.01376	0.01166
CAC	TAC	CT	0.80806	0.02695	0.03929	-0.80806	0.06046	0.03929
CAC	CTC	AT	0.69602	0.00937	0.01301	-0.69602	0.01880	0.01301
CAC	CCC	AC	-0.59698	0.02194	0.01604	0.59698	0.01207	0.01604
CAC	CAT	CT	0.06181	0.02695	0.02779	-0.06181	0.02867	0.02779
CAA	CTA	AT	-0.25687	0.00968	0.00849	0.25687	0.00749	0.00849
CAA	CCA	AC	-0.73627	0.02266	0.01533	0.73627	0.01085	0.01533
CAA	CAT	AT	-0.14136	0.00968	0.00901	0.14136	0.00841	0.00901
CAA	CAC	AC	-0.20316	0.02266	0.02044	0.20316	0.01849	0.02044
CAG	CTG	AT	0.81938	0.02789	0.04086	-0.81938	0.06328	0.04086
CAG	CCG	AC	-2.96570	0.06526	0.01051	2.96570	0.00336	0.01051
CAG	CAT	GT	-1.37495	0.02789	0.01298	1.37495	0.00705	0.01298
CAG	CAC	GC	-1.43676	0.06526	0.02924	1.43676	0.01551	0.02924
CAG	CAA	GA	-1.23360	0.15819	0.08019	1.23360	0.04607	0.08019
CGT	TGT	CT	1.31457	0.00490	0.00881	-1.31457	0.01824	0.00881
CGT	CTT	GT	1.97712	0.00170	0.00391	-1.97712	0.01231	0.00391
CGT	CCT	GC	1.06232	0.00399	0.00647	-1.06232	0.01154	0.00647
CGT	CAT	GA	0.74049	0.00967	0.01368	-0.74049	0.02027	0.01368
CGC	TGC	CT	1.24174	0.01069	0.01867	-1.24174	0.03700	0.01867
CGC	CTC	GT	1.44480	0.00372	0.00703	-1.44480	0.01577	0.00703
CGC	CCC	GC	0.15180	0.00870	0.00938	-0.15180	0.01013	0.00938
CGC	CAC	GA	0.74878	0.02109	0.02997	-0.74878	0.04460	0.02997
CGC	CGT	CT	0.07010	0.01069	0.01107	-0.07010	0.01147	0.01107
CGA	CTA	GT	0.89913	0.00256	0.00388	-0.89913	0.00628	0.00388
CGA	CCA	GC	0.41973	0.00598	0.00733	-0.41973	0.00910	0.00733
CGA	CAA	GA	1.15600	0.01450	0.02446	-1.15600	0.04607	0.02446
CGA	CGT	AT	0.27416	0.00256	0.00292	-0.27416	0.00336	0.00292
CGA	CGC	AC	0.20405	0.00598	0.00661	-0.20405	0.00734	0.00661
CGG	TGG	CT	-0.07067	0.02405	0.02321	0.07067	0.02241	0.02321
CGG	CTG	GT	1.84755	0.00837	0.01835	-1.84755	0.05308	0.01835
CGG	CCG	GC	-1.93753	0.01958	0.00638	1.93753	0.00282	0.00638
CGG	CAG	GA	1.02817	0.04746	0.07596	-1.02817	0.13269	0.07596
CGG	CGT	GT	-1.08727	0.00837	0.00463	1.08727	0.00282	0.00463
CGG	CGC	GC	-1.15737	0.01958	0.01039	1.15737	0.00615	0.01039
CGG	CGA	GA	-1.36143	0.04746	0.02227	1.36143	0.01216	0.02227
ATT	TTT	AT	0.45198	0.01294	0.01608	-0.45198	0.02033	0.01608
ATT	CTT	AC	-0.72429	0.03027	0.02062	0.72429	0.01467	0.02062
ATC	TTC	AT	-0.15388	0.02603	0.02408	0.15388	0.02232	0.02408
ATC	CTC	AC	-1.17557	0.06091	0.03197	1.17557	0.01880	0.03197
ATC	ATT	CT	0.15115	0.07483	0.08063	-0.15115	0.08704	0.08063
ATA	TTA	AT	-0.40081	0.00844	0.00686	0.40081	0.00566	0.00686
ATA	CTA	AC	-0.97017	0.01976	0.01170	0.97017	0.00749	0.01170
ATA	ATT	AT	1.10627	0.00844	0.01396	-1.10627	0.02553	0.01396
ATA	ATC	AC	0.95512	0.01976	0.03068	-0.95512	0.05136	0.03068
ATG	TTG	AT	0.28159	0.01038	0.01191	-0.28159	0.01376	0.01191
ATG	CTG	AC	0.95739	0.02429	0.03775	-0.95739	0.06328	0.03775
ATG	ATT	GT	0.72397	0.01038	0.01459	-0.72397	0.02141	0.01459
ATG	ATC	GC	0.57283	0.02429	0.03191	-0.57283	0.04308	0.03191
ATG	ATA	GA	-0.38230	0.05888	0.04834	0.38230	0.04018	0.04834
ACT	TCT	AT	0.46906	0.00612	0.00767	-0.46906	0.00978	0.00767
ACT	CCT	AC	-0.04028	0.01432	0.01404	0.04028	0.01376	0.01404
ACT	ATT	CT	1.59881	0.01759	0.03525	-1.59881	0.08704	0.03525
ACC	TCC	AT	0.35194	0.01054	0.01250	-0.35194	0.01498	0.01250
ACC	CCC	AC	-0.71385	0.02465	0.01689	0.71385	0.01207	0.01689
ACC	ATC	CT	1.75472	0.03029	0.06426	-1.75472	0.17512	0.06426
ACC	ACT	CT	0.30706	0.03029	0.03518	-0.30706	0.04117	0.03518
ACA	TCA	AT	-0.02274	0.00844	0.00835	0.02274	0.00825	0.00835
ACA	CCA	AC	-0.59931	0.01976	0.01443	0.59931	0.01085	0.01443
ACA	ATA	CT	0.85026	0.02427	0.03604	-0.85026	0.05681	0.03604
ACA	ACT	AT	0.35772	0.00844	0.01004	-0.35772	0.01207	0.01004
ACA	ACC	AC	0.05067	0.01976	0.02027	-0.05067	0.02079	0.02027
ACG	TCG	AT	0.20962	0.00372	0.00412	-0.20962	0.00459	0.00412
ACG	CCG	AC	-0.95080	0.00870	0.00521	0.95080	0.00336	0.00521
ACG	ATG	CT	1.87690	0.01069	0.02369	-1.87690	0.06984	0.02369
ACG	ACT	GT	1.00206	0.00372	0.00589	-1.00206	0.01013	0.00589
ACG	ACC	GC	0.69501	0.00870	0.01207	-0.69501	0.01744	0.01207
ACG	ACA	GA	0.64434	0.02109	0.02861	-0.64434	0.04018	0.02861
AAT	TAT	AT	-0.18614	0.01270	0.01156	0.18614	0.01055	0.01156
AAT	CAT	AC	-1.26317	0.02973	0.01481	1.26317	0.00841	0.01481
AAT	ATT	AT	0.69775	0.01270	0.01765	-0.69775	0.02553	0.01765
AAT	ACT	AC	-0.90106	0.02973	0.01832	0.90106	0.01207	0.01832
AAC	TAC	AT	0.65409	0.00922	0.01256	-0.65409	0.01773	0.01256
AAC	CAC	AC	-0.15397	0.02157	0.01995	0.15397	0.01849	0.01995
AAC	ATC	AT	1.71761	0.00922	0.01930	-1.71761	0.05136	0.01930
AAC	ACC	AC	-0.03711	0.02157	0.02118	0.03711	0.02079	0.02118
AAC	AAT	CT	1.17101	0.02650	0.04498	-1.17101	0.08547	0.04498
AAA	CAA	AC	-0.92957	0.04840	0.02934	0.92957	0.01911	0.02934
AAA	ATA	AT	-0.21628	0.02068	0.01853	0.21628	0.01666	0.01853
AAA	ACA	AC	-1.06654	0.04840	0.02709	1.06654	0.01666	0.02709
AAA	AAT	AT	0.19224	0.02068	0.02273	-0.19224	0.02507	0.02273
AAA	AAC	AC	-0.97876	0.04840	0.02852	0.97876	0.01819	0.02852
AAG	CAG	AC	-0.20074	0.06726	0.06073	0.20074	0.05502	0.06073
AAG	ATG	AT	-0.33874	0.02874	0.02415	0.33874	0.02048	0.02415
AAG	ACG	AC	-2.21564	0.06726	0.01825	2.21564	0.00734	0.01825
AAG	AAT	GT	-0.31252	0.02874	0.02448	0.31252	0.02103	0.02448
AAG	AAC	GC	-1.48352	0.06726	0.02927	1.48352	0.01526	0.02927
AAG	AAA	GA	-0.50476	0.16303	0.12533	0.50476	0.09841	0.12533
AGT	TGT	AT	-0.23094	0.00674	0.00599	0.23094	0.00535	0.00599
AGT	CGT	AC	-1.54551	0.01577	0.00661	1.54551	0.00336	0.00661
AGT	ATT	GT	1.15590	0.00674	0.01137	-1.15590	0.02141	0.01137
AGT	ACT	GC	-0.44290	0.01577	0.01254	0.44290	0.01013	0.01254
AGT	AAT	GA	0.45815	0.03823	0.04765	-0.45815	0.06045	0.04765
AGC	TGC	AT	-0.08814	0.01185	0.01134	0.08814	0.01085	0.01134
AGC	CGC	AC	-1.32988	0.02774	0.01327	1.32988	0.00734	0.01327
AGC	ATC	GT	1.29049	0.01185	0.02110	-1.29049	0.04308	0.02110
AGC	ACC	GC	-0.46423	0.02774	0.02180	0.46423	0.01744	0.02180
AGC	AAC	GA	-0.42712	0.06723	0.05389	0.42712	0.04386	0.05389
AGC	AGT	CT	0.28573	0.03407	0.03917	-0.28573	0.04534	0.03917
AGA	CGA	AC	-1.57197	0.02429	0.01001	1.57197	0.00504	0.01001
AGA	ATA	GT	0.29733	0.01038	0.01200	-0.29733	0.01397	0.01200
AGA	ACA	GC	-0.55294	0.02429	0.01819	0.55294	0.01397	0.01819
AGA	AAA	GA	0.51360	0.05888	0.07529	-0.51360	0.09841	0.07529
AGA	AGT	AT	0.24769	0.01038	0.01172	-0.24769	0.01330	0.01172
AGA	AGC	AC	-0.03804	0.02429	0.02383	0.03804	0.02339	0.02383
AGG	TGG	AT	0.02198	0.00643	0.00650	-0.02198	0.00657	0.00650
AGG	CGG	AC	0.09265	0.01505	0.01575	-0.09265	0.01651	0.01575
AGG	ATG	GT	0.98282	0.00643	0.01010	-0.98282	0.01718	0.01010
AGG	ACG	GC	-0.89408	0.01505	0.00931	0.89408	0.00615	0.00931
AGG	AAG	GA	1.32156	0.03647	0.06573	-1.32156	0.13674	0.06573
AGG	AGT	GT	0.55089	0.00643	0.00836	-0.55089	0.01115	0.00836
AGG	AGC	GC	0.26515	0.01505	0.01713	-0.26515	0.01962	0.01713
AGG	AGA	GA	0.30319	0.03647	0.04228	-0.30319	0.04939	0.04228
GTT	TTT	GT	1.28329	0.00473	0.00839	-1.28329	0.01705	0.00839
GTT	CTT	GC	0.10703	0.01106	0.01166	-0.10703	0.01231	0.01166
GTT	ATT	GA	0.83131	0.02680	0.03947	-0.83131	0.06155	0.03947
GTC	TTC	GT	0.65114	0.00976	0.01328	-0.65114	0.01872	0.01328
GTC	CTC	GC	-0.37054	0.02284	0.01887	0.37054	0.01577	0.01887
GTC	ATC	GA	0.80502	0.05537	0.08061	-0.80502	0.12384	0.08061
GTC	GTT	CT	0.12485	0.02806	0.02985	-0.12485	0.03179	0.02985
GTA	TTA	GT	0.35354	0.00333	0.00395	-0.35354	0.00474	0.00395
GTA	CTA	GC	-0.21582	0.00780	0.00698	0.21582	0.00628	0.00698
GTA	ATA	GA	0.75434	0.01890	0.02691	-0.75434	0.04018	0.02691
GTA	GTT	AT	1.02930	0.00333	0.00533	-1.02930	0.00932	0.00533
GTA	GTC	AC	0.90444	0.00780	0.01184	-0.90444	0.01926	0.01184
GTG	TTG	GT	-0.50980	0.01921	0.01473	0.50980	0.01154	0.01473
GTG	CTG	GC	0.16599	0.04496	0.04879	-0.16599	0.05308	0.04879
GTG	ATG	GA	-0.79139	0.10898	0.07148	0.79139	0.04939	0.07148
GTG	GTT	GT	-0.89874	0.01921	0.01185	0.89874	0.00782	0.01185
GTG	GTC	GC	-1.02359	0.04496	0.02581	1.02359	0.01615	0.02581
GTG	GTA	GA	-1.92803	0.10898	0.03576	1.92803	0.01585	0.03576
GCT	TCT	GT	-0.38072	0.01201	0.00987	0.38072	0.00821	0.00987
GCT	CCT	GC	-0.89006	0.02810	0.01743	0.89006	0.01154	0.01743
GCT	ACT	GA	-0.84978	0.06811	0.04322	0.84978	0.02912	0.04322
GCT	GTT	CT	-0.08229	0.03452	0.03312	0.08229	0.03179	0.03312
GCC	TCC	GT	-0.08170	0.01363	0.01308	0.08170	0.01256	0.01308
GCC	CCC	GC	-1.14748	0.03191	0.01703	1.14748	0.01013	0.01703
GCC	ACC	GA	-0.43363	0.07734	0.06178	0.43363	0.05013	0.06178
GCC	GTC	CT	0.51606	0.03920	0.05018	-0.51606	0.06567	0.05018
GCC	GCT	CT	0.72320	0.03920	0.05506	-0.72320	0.08078	0.05506
GCA	TCA	GT	-0.06108	0.00736	0.00714	0.06108	0.00692	0.00714
GCA	CCA	GC	-0.63764	0.01722	0.01231	0.63764	0.00910	0.01231
GCA	ACA	GA	-0.03833	0.04175	0.04095	0.03833	0.04018	0.04095
GCA	GTA	CT	0.05759	0.02116	0.02177	-0.05759	0.02241	0.02177
GCA	GCT	AT	1.16917	0.00736	0.01248	-1.16917	0.02369	0.01248
GCA	GCC	AC	0.44597	0.01722	0.02135	-0.44597	0.02690	0.02135
GCG	TCG	GT	0.81397	0.00170	0.00249	-0.81397	0.00385	0.00249
GCG	CCG	GC	-0.34644	0.00399	0.00334	0.34644	0.00282	0.00334
GCG	ACG	GA	0.60435	0.00967	0.01288	-0.60435	0.01769	0.01288
GCG	GTG	CT	3.27265	0.00490	0.01667	-3.27265	0.12925	0.01667
GCG	GCT	GT	2.45620	0.00170	0.00458	-2.45620	0.01987	0.00458
GCG	GCC	GC	1.73300	0.00399	0.00840	-1.73300	0.02256	0.00840
GCG	GCA	GA	1.28703	0.00967	0.01719	-1.28703	0.03501	0.01719
GAT	TAT	GT	-0.37406	0.01286	0.01060	0.37406	0.00885	0.01060
GAT	CAT	GC	-1.45110	0.03009	0.01336	1.45110	0.00705	0.01336
GAT	AAT	GA	-0.18793	0.07294	0.06630	0.18793	0.06045	0.06630
GAT	GTT	AT	-0.32149	0.01286	0.01090	0.32149	0.00932	0.01090
GAT	GCT	AC	-0.23920	0.03009	0.02664	0.23920	0.02369	0.02664
GAC	TAC	GT	-0.37738	0.02169	0.01785	0.37738	0.01487	0.01785
GAC	CAC	GC	-1.18544	0.05076	0.02648	1.18544	0.01551	0.02648
GAC	AAC	GA	-1.03147	0.12304	0.07030	1.03147	0.04386	0.07030
GAC	GTC	AT	-0.11888	0.02169	0.02043	0.11888	0.01926	0.02043
GAC	GCC	AC	-0.63495	0.05076	0.03634	0.63495	0.02690	0.03634
GAC	GAT	CT	0.32746	0.06236	0.07312	-0.32746	0.08652	0.07312
GAA	CAA	GC	-1.32327	0.06019	0.02890	1.32327	0.01603	0.02890
GAA	AAA	GA	-0.39369	0.14589	0.11905	0.39369	0.09841	0.11905
GAA	GTA	AT	-1.36431	0.02572	0.01205	1.36431	0.00657	0.01205
GAA	GCA	AC	-1.42190	0.06019	0.02721	1.42190	0.01452	0.02721
GAA	GAT	AT	-0.01352	0.02572	0.02554	0.01352	0.02537	0.02554
GAA	GAC	AC	-0.34098	0.06019	0.05051	0.34098	0.04280	0.05051
GAG	CAG	GC	-0.51946	0.07759	0.05917	0.51946	0.04615	0.05917
GAG	AAG	GA	-0.31873	0.18807	0.15969	0.31873	0.13674	0.15969
GAG	GTG	AT	0.13393	0.03315	0.03542	-0.13393	0.03791	0.03542
GAG	GCG	AC	-3.13872	0.07759	0.01103	3.13872	0.00336	0.01103
GAG	GAT	GT	-0.44332	0.03315	0.02635	0.44332	0.02128	0.02635
GAG	GAC	GC	-0.77078	0.07759	0.05149	0.77078	0.03590	0.05149
GAG	GAA	GA	-0.42979	0.18807	0.15054	0.42979	0.12237	0.15054
GGT	TGT	GT	-0.01837	0.00457	0.00453	0.01837	0.00449	0.00453
GGT	CGT	GC	-1.33294	0.01070	0.00511	1.33294	0.00282	0.00511
GGT	AGT	GA	0.21257	0.02593	0.02878	-0.21257	0.03207	0.02878
GGT	GTT	GT	0.53715	0.00457	0.00591	-0.53715	0.00782	0.00591
GGT	GCT	GC	0.61944	0.01070	0.01435	-0.61944	0.01987	0.01435
GGT	GAT	GA	0.85865	0.02593	0.03863	-0.85865	0.06118	0.03863
GGC	TGC	GT	-0.04569	0.00953	0.00931	0.04569	0.00910	0.00931
GGC	CGC	GC	-1.28743	0.02230	0.01094	1.28743	0.00615	0.01094
GGC	AGC	GA	0.04245	0.05405	0.05520	-0.04245	0.05639	0.05520
GGC	GTC	GT	0.52792	0.00953	0.01226	-0.52792	0.01615	0.01226
GGC	GCC	GC	0.01186	0.02230	0.02243	-0.01186	0.02256	0.02243
GGC	GAC	GA	0.64680	0.05405	0.07340	-0.64680	0.10320	0.07340
GGC	GGT	CT	0.11562	0.02739	0.02901	-0.11562	0.03075	0.02901
GGA	CGA	GC	-1.37173	0.01668	0.00778	1.37173	0.00423	0.00778
GGA	AGA	GA	0.20025	0.04043	0.04461	-0.20025	0.04939	0.04461
GGA	GTA	GT	-0.25677	0.00713	0.00625	0.25677	0.00551	0.00625
GGA	GCA	GC	-0.31436	0.01668	0.01419	0.31436	0.01218	0.01419
GGA	GAA	GA	1.10754	0.04043	0.06686	-1.10754	0.12237	0.06686
GGA	GGT	AT	0.23537	0.00713	0.00800	-0.23537	0.00902	0.00800
GGA	GGC	AC	0.11976	0.01668	0.01770	-0.11976	0.01880	0.01770
GGG	TGG	GT	-0.29933	0.00744	0.00638	0.29933	0.00551	0.00638
GGG	CGG	GC	-0.22866	0.01740	0.01549	0.22866	0.01385	0.01549
GGG	AGG	GA	-0.32131	0.04218	0.03577	0.32131	0.03059	0.03577
GGG	GTG	GT	1.45290	0.00744	0.01410	-1.45290	0.03179	0.01410
GGG	GCG	GC	-1.81975	0.01740	0.00613	1.81975	0.00282	0.00613
GGG	GAG	GA	1.31897	0.04218	0.07595	-1.31897	0.15775	0.07595
GGG	GGT	GT	0.01701	0.00744	0.00750	-0.01701	0.00756	0.00750
GGG	GGC	GC	-0.09861	0.01740	0.01656	0.09861	0.01577	0.01656
GGG	GGA	GA	-0.21836	0.04218	0.03775	0.21836	0.03391	0.03775


Histograms
2Ns	FMut	FSub(CodonUsage)	FSubw(after w)

-3.60484	0.01448	0.00148
-3.24436	0.01388	0.00216
-2.88388	0.00438	0.00082
-2.52339	0.00133	0.00036
-2.16291	0.01672	0.00504
-1.80242	0.04202	0.01698
-1.44194	0.08841	0.04719
-1.08145	0.13344	0.08598
-0.72097	0.12491	0.09815
-0.36048	0.18314	0.17598
0.00000	0.11355	0.13175
0.36048	0.12700	0.17598
0.72097	0.05987	0.09815
1.08145	0.04530	0.08598
1.44194	0.02193	0.04719
1.80242	0.00669	0.01698
2.16291	0.00170	0.00504
2.52339	0.00011	0.00036
2.88388	0.00023	0.00082
3.24436	0.00055	0.00216
3.60484	0.00033	0.00148

Proportion of advantageous (S > 0) mutations:
 0.31791

Proportions of good & bad mutations (|S| > 2.0000) among mutations:
0.00293  0.05080

mean |Ns| = 0.85966	mean Ns+ = 0.60950	mean Ns- = -0.97626


MLEs of dN/dS (w) for site classes (K=4)

site class             0        1       2a       2b
proportion       0.31176  0.23671  0.25665  0.19487
background w     0.07364  1.00000  0.07364  1.00000
foreground w     0.07364  1.00000  1.00000  1.00000

Naive Empirical Bayes (NEB) probabilities for 4 classes
(amino acids refer to 1st sequence: Rhesus_macaque_Mx)

   1 I   0.00177 0.54062 0.01256 0.44505 ( 2)
   2 V   0.00001 0.54847 0.00001 0.45152 ( 2)
   3 K   0.15744 0.40847 0.09781 0.33627 ( 2)
   4 A   0.00001 0.54842 0.00009 0.45148 ( 2)
   5 D   0.01243 0.53823 0.00625 0.44309 ( 2)
   6 P   0.00013 0.54390 0.00822 0.44775 ( 2)
   7 A   0.00003 0.54841 0.00009 0.45147 ( 2)
   8 A   0.00005 0.54826 0.00036 0.45134 ( 2)
   9 A   0.00358 0.53944 0.01289 0.44408 ( 2)
  10 S   0.00000 0.54848 0.00000 0.45152 ( 2)
  11 Q   0.07744 0.48560 0.03720 0.39976 ( 2)
  12 P   0.05127 0.50259 0.03240 0.41375 ( 2)
  13 L   0.00220 0.54649 0.00143 0.44989 ( 2)
  14 L   0.00688 0.54246 0.00408 0.44657 ( 2)
  15 L   0.13216 0.42878 0.08607 0.35299 ( 2)
  16 N   0.00414 0.54490 0.00239 0.44858 ( 2)
  17 G   0.00469 0.54194 0.00724 0.44614 ( 2)
  18 D   0.00000 0.54847 0.00001 0.45152 ( 2)
  19 A   0.00002 0.54845 0.00002 0.45151 ( 2)
  20 D   0.00039 0.54761 0.00119 0.45081 ( 2)
  21 V   0.00000 0.54846 0.00002 0.45151 ( 2)
  22 A   0.00162 0.54414 0.00629 0.44795 ( 2)
  23 Q   0.45506 0.14487 0.28080 0.11926 ( 1)
  24 K   0.07923 0.47780 0.04962 0.39334 ( 2)
  25 S   0.00000 0.54848 0.00000 0.45152 ( 2)
  26 P   0.00001 0.54845 0.00004 0.45150 ( 2)
  27 G   0.00007 0.54812 0.00058 0.45123 ( 2)
  28 S   0.00030 0.54760 0.00130 0.45080 ( 2)
  29 V   0.00062 0.54795 0.00035 0.45109 ( 2)
  30 A   0.00016 0.54834 0.00009 0.45141 ( 2)
  31 E   0.00065 0.54519 0.00534 0.44882 ( 2)
  32 N   0.00008 0.54594 0.00454 0.44944 ( 2)
  33 N   0.21289 0.10444 0.59669 0.08598 ( 3)
  34 L   0.57362 0.03268 0.36680 0.02690 ( 1)
  35 C   0.05389 0.25499 0.48120 0.20992 ( 3)
  36 S   0.57718 0.08263 0.27217 0.06802 ( 1)
  37 Q   0.52314 0.08543 0.32111 0.07033 ( 1)
  38 Y   0.63225 0.00167 0.36469 0.00138 ( 1)
  39 E   0.11056 0.02058 0.85192 0.01694 ( 3)
  40 E   0.00997 0.04281 0.91197 0.03524 ( 3)
  41 K   0.61616 0.00463 0.37539 0.00381 ( 1)
  42 V   0.48822 0.10040 0.32873 0.08265 ( 1)
  43 R   0.11350 0.00303 0.88097 0.00250 ( 3)
  44 P   0.63228 0.00065 0.36653 0.00054 ( 1)
  45 C   0.65501 0.00041 0.34425 0.00034 ( 1)
  46 I   0.60550 0.00827 0.37943 0.00680 ( 1)
  47 D   0.63944 0.00176 0.35735 0.00145 ( 1)
  48 L   0.62936 0.00217 0.36669 0.00178 ( 1)
  49 I   0.11768 0.03041 0.82687 0.02504 ( 3)
  50 D   0.63404 0.00175 0.36276 0.00144 ( 1)
  51 S   0.04801 0.50765 0.02642 0.41792 ( 2)
  52 L   0.52643 0.04907 0.38410 0.04040 ( 1)
  53 R   0.64536 0.00148 0.35194 0.00122 ( 1)
  54 A   0.00648 0.16846 0.68639 0.13868 ( 3)
  55 L   0.60212 0.02531 0.35174 0.02084 ( 1)
  56 G   0.10751 0.00184 0.88913 0.00152 ( 3)
  57 V   0.53972 0.08864 0.29867 0.07297 ( 1)
  58 E   0.11688 0.02291 0.84134 0.01886 ( 3)
  59 Q   0.07714 0.23085 0.50197 0.19004 ( 3)
  60 D   0.63404 0.00175 0.36276 0.00144 ( 1)
  61 L   0.52302 0.05230 0.38162 0.04306 ( 1)
  62 A   0.01188 0.22057 0.58596 0.18158 ( 3)
  63 L   0.56875 0.03706 0.36368 0.03051 ( 1)
  64 P   0.63244 0.00049 0.36667 0.00040 ( 1)
  65 A   0.63954 0.00200 0.35681 0.00165 ( 1)
  66 I   0.60010 0.01021 0.38128 0.00841 ( 1)
  67 A   0.63863 0.00277 0.35632 0.00228 ( 1)
  68 V   0.60692 0.00082 0.39159 0.00068 ( 1)
  69 I   0.60459 0.00906 0.37888 0.00746 ( 1)
  70 G   0.65602 0.00038 0.34329 0.00031 ( 1)
  71 D   0.63404 0.00175 0.36276 0.00144 ( 1)
  72 Q   0.10841 0.03467 0.82839 0.02854 ( 3)
  73 S   0.13686 0.00229 0.85896 0.00189 ( 3)
  74 S   0.64704 0.00168 0.34990 0.00139 ( 1)
  75 G   0.66176 0.00045 0.33743 0.00037 ( 1)
  76 K   0.62787 0.00430 0.36430 0.00354 ( 1)
  77 S   0.64825 0.00068 0.35052 0.00056 ( 1)
  78 S   0.64602 0.00082 0.35248 0.00068 ( 1)
  79 V   0.49523 0.07602 0.36617 0.06258 ( 1)
  80 L   0.60419 0.02357 0.35284 0.01940 ( 1)
  81 E   0.61114 0.00645 0.37711 0.00531 ( 1)
  82 A   0.61723 0.00197 0.37917 0.00162 ( 1)
  83 L   0.54687 0.04691 0.36760 0.03862 ( 1)
  84 S   0.64727 0.00151 0.34997 0.00125 ( 1)
  85 G   0.66466 0.00043 0.33456 0.00035 ( 1)
  86 V   0.67502 0.00044 0.32418 0.00036 ( 1)
  87 A   0.49474 0.05324 0.40819 0.04383 ( 1)
  88 L   0.62860 0.00236 0.36709 0.00195 ( 1)
  89 P   0.63228 0.00065 0.36653 0.00054 ( 1)
  90 R   0.67699 0.00054 0.32202 0.00045 ( 1)
  91 G   0.12223 0.00277 0.87272 0.00228 ( 3)
  92 S   0.11276 0.02046 0.84993 0.01685 ( 3)
  93 G   0.66482 0.00032 0.33460 0.00026 ( 1)
  94 I   0.11345 0.02535 0.84032 0.02087 ( 3)
  95 V   0.12197 0.00200 0.87439 0.00164 ( 3)
  96 T   0.66540 0.00063 0.33346 0.00052 ( 1)
  97 R   0.66473 0.00116 0.33316 0.00095 ( 1)
  98 C   0.66212 0.00031 0.33732 0.00025 ( 1)
  99 P   0.63600 0.00110 0.36199 0.00091 ( 1)
 100 L   0.54318 0.03318 0.39632 0.02731 ( 1)
 101 V   0.47815 0.12306 0.29748 0.10131 ( 1)
 102 L   0.60127 0.02605 0.35124 0.02144 ( 1)
 103 K   0.59241 0.03511 0.34358 0.02890 ( 1)
 104 L   0.54178 0.03455 0.39523 0.02844 ( 1)
 105 K   0.57128 0.05335 0.33146 0.04392 ( 1)
 106 K   0.58034 0.04557 0.33658 0.03751 ( 1)
 107 L   0.15637 0.21173 0.45759 0.17430 ( 3)
 108 V   0.00000 0.54848 0.00000 0.45152 ( 2)
 109 N   0.00003 0.54834 0.00021 0.45141 ( 2)
 110 -   0.31176 0.23671 0.25665 0.19487 ( 1)
 111 E   0.00365 0.54189 0.00836 0.44610 ( 2)
 112 D   0.01053 0.53892 0.00689 0.44366 ( 2)
 113 E   0.13737 0.42664 0.08477 0.35122 ( 2)
 114 W   0.64886 0.00043 0.35035 0.00036 ( 1)
 115 R   0.07336 0.48425 0.04375 0.39865 ( 2)
 116 G   0.66168 0.00050 0.33740 0.00041 ( 1)
 117 K   0.00895 0.02099 0.95278 0.01728 ( 3)
 118 V   0.59854 0.01040 0.38250 0.00856 ( 1)
 119 S   0.00006 0.54824 0.00037 0.45133 ( 2)
 120 Y   0.60263 0.02655 0.34895 0.02186 ( 1)
 121 Q   0.00001 0.54847 0.00000 0.45152 ( 2)
 122 D   0.66616 0.01254 0.31099 0.01032 ( 1)
 123 Y   0.00000 0.54848 0.00000 0.45152 ( 2)
 124 E   0.02002 0.50264 0.06355 0.41379 ( 2)
 125 I   0.00078 0.54768 0.00068 0.45087 ( 2)
 126 E   0.04660 0.18713 0.61222 0.15405 ( 3)
 127 I   0.01051 0.53929 0.00625 0.44396 ( 2)
 128 L   0.00152 0.54709 0.00100 0.45039 ( 2)
 129 D   0.07268 0.37683 0.24028 0.31022 ( 2)
 130 A   0.22927 0.35255 0.12795 0.29023 ( 2)
 131 S   0.61258 0.00440 0.37939 0.00363 ( 1)
 132 E   0.00955 0.54000 0.00591 0.44454 ( 2)
 133 V   0.60313 0.00399 0.38959 0.00329 ( 1)
 134 E   0.10819 0.02439 0.84733 0.02008 ( 3)
 135 K   0.00007 0.54840 0.00007 0.45146 ( 2)
 136 E   0.14965 0.42038 0.08390 0.34607 ( 2)
 137 I   0.56387 0.07388 0.30143 0.06082 ( 1)
 138 N   0.14816 0.42186 0.08270 0.34729 ( 2)
 139 K   0.02268 0.52451 0.02102 0.43179 ( 2)
 140 A   0.58669 0.03754 0.34487 0.03090 ( 1)
 141 Q   0.60847 0.00929 0.37459 0.00765 ( 1)
 142 N   0.13703 0.43036 0.07833 0.35428 ( 2)
 143 T   0.00000 0.54846 0.00002 0.45151 ( 2)
 144 I   0.48448 0.11086 0.31340 0.09126 ( 1)
 145 A   0.60952 0.00488 0.38157 0.00402 ( 1)
 146 G   0.65640 0.00037 0.34293 0.00030 ( 1)
 147 E   0.02731 0.52549 0.01461 0.43260 ( 2)
 148 G   0.08944 0.24571 0.46258 0.20228 ( 3)
 149 M   0.00000 0.54848 0.00000 0.45152 ( 2)
 150 G   0.00656 0.54182 0.00557 0.44604 ( 2)
 151 I   0.60428 0.00934 0.37869 0.00769 ( 1)
 152 S   0.65611 0.00047 0.34304 0.00038 ( 1)
 153 H   0.00164 0.54710 0.00086 0.45039 ( 2)
 154 E   0.15628 0.40987 0.09644 0.33742 ( 2)
 155 L   0.61822 0.00496 0.37273 0.00408 ( 1)
 156 I   0.60638 0.00750 0.37995 0.00618 ( 1)
 157 T   0.07249 0.48583 0.04173 0.39995 ( 2)
 158 L   0.59386 0.02816 0.35479 0.02319 ( 1)
 159 E   0.52837 0.07984 0.32605 0.06573 ( 1)
 160 I   0.43440 0.15256 0.28746 0.12559 ( 1)
 161 S   0.11973 0.04292 0.80201 0.03533 ( 3)
 162 S   0.64477 0.00116 0.35311 0.00096 ( 1)
 163 R   0.61684 0.01806 0.35023 0.01487 ( 1)
 164 D   0.01910 0.46485 0.13337 0.38268 ( 2)
 165 V   0.65871 0.00046 0.34044 0.00038 ( 1)
 166 P   0.63932 0.00063 0.35952 0.00052 ( 1)
 167 D   0.63420 0.00161 0.36287 0.00132 ( 1)
 168 L   0.52302 0.05230 0.38162 0.04306 ( 1)
 169 T   0.64292 0.00051 0.35616 0.00042 ( 1)
 170 L   0.60766 0.01414 0.36656 0.01164 ( 1)
 171 I   0.61185 0.00262 0.38338 0.00215 ( 1)
 172 D   0.63944 0.00176 0.35735 0.00145 ( 1)
 173 L   0.62811 0.00279 0.36681 0.00230 ( 1)
 174 P   0.63082 0.00182 0.36587 0.00149 ( 1)
 175 G   0.65589 0.00049 0.34323 0.00040 ( 1)
 176 I   0.60586 0.00793 0.37968 0.00653 ( 1)
 177 T   0.61359 0.01018 0.36784 0.00838 ( 1)
 178 R   0.64669 0.00036 0.35266 0.00030 ( 1)
 179 V   0.09649 0.01449 0.87709 0.01193 ( 3)
 180 A   0.62416 0.00485 0.36700 0.00399 ( 1)
 181 V   0.39669 0.06019 0.49356 0.04955 ( 3)
 182 G   0.56221 0.00875 0.42183 0.00720 ( 1)
 183 N   0.67191 0.00687 0.31557 0.00565 ( 1)
 184 Q   0.59549 0.00998 0.38632 0.00821 ( 1)
 185 P   0.63864 0.00127 0.35905 0.00104 ( 1)
 186 P   0.00000 0.54848 0.00000 0.45152 ( 2)
 187 D   0.63565 0.00180 0.36107 0.00148 ( 1)
 188 I   0.09839 0.02422 0.85746 0.01993 ( 3)
 189 G   0.47020 0.15576 0.24581 0.12823 ( 1)
 190 Y   0.00002 0.54846 0.00001 0.45151 ( 2)
 191 K   0.11771 0.44203 0.07637 0.36389 ( 2)
 192 I   0.48505 0.10971 0.31493 0.09031 ( 1)
 193 K   0.62787 0.00430 0.36430 0.00354 ( 1)
 194 T   0.00018 0.54829 0.00016 0.45137 ( 2)
 195 L   0.62021 0.00324 0.37389 0.00266 ( 1)
 196 I   0.09758 0.03190 0.84426 0.02626 ( 3)
 197 R   0.00111 0.54751 0.00065 0.45073 ( 2)
 198 K   0.20570 0.37020 0.11933 0.30476 ( 2)
 199 Y   0.23863 0.30921 0.19760 0.25455 ( 2)
 200 I   0.60393 0.00965 0.37848 0.00794 ( 1)
 201 Q   0.00000 0.54847 0.00000 0.45152 ( 2)
 202 R   0.00067 0.54527 0.00516 0.44889 ( 2)
 203 Q   0.51878 0.09695 0.30446 0.07981 ( 1)
 204 E   0.61052 0.00627 0.37805 0.00516 ( 1)
 205 T   0.64279 0.00060 0.35611 0.00050 ( 1)
 206 I   0.59441 0.01078 0.38593 0.00888 ( 1)
 207 N   0.10104 0.00693 0.88633 0.00571 ( 3)
 208 L   0.08821 0.06383 0.79542 0.05254 ( 3)
 209 V   0.67071 0.00403 0.32195 0.00331 ( 1)
 210 V   0.59947 0.00723 0.38735 0.00596 ( 1)
 211 V   0.65692 0.00065 0.34190 0.00054 ( 1)
 212 P   0.63952 0.00058 0.35942 0.00048 ( 1)
 213 S   0.01075 0.53957 0.00548 0.44419 ( 2)
 214 N   0.68291 0.00018 0.31676 0.00015 ( 1)
 215 V   0.59764 0.00888 0.38618 0.00731 ( 1)
 216 D   0.63944 0.00176 0.35735 0.00145 ( 1)
 217 I   0.60685 0.00709 0.38023 0.00583 ( 1)
 218 A   0.63939 0.00213 0.35673 0.00175 ( 1)
 219 T   0.64269 0.00069 0.35605 0.00057 ( 1)
 220 T   0.64238 0.00090 0.35598 0.00074 ( 1)
 221 E   0.60917 0.00645 0.37908 0.00531 ( 1)
 222 A   0.69308 0.00018 0.30660 0.00015 ( 1)
 223 L   0.52462 0.05078 0.38279 0.04181 ( 1)
 224 S   0.00094 0.54765 0.00057 0.45084 ( 2)
 225 M   0.69068 0.00006 0.30922 0.00005 ( 1)
 226 A   0.60919 0.00517 0.38139 0.00425 ( 1)
 227 Q   0.61771 0.00783 0.36801 0.00644 ( 1)
 228 E   0.53204 0.07597 0.32945 0.06254 ( 1)
 229 V   0.59764 0.00888 0.38618 0.00731 ( 1)
 230 D   0.63565 0.00180 0.36107 0.00148 ( 1)
 231 P   0.64977 0.00084 0.34869 0.00069 ( 1)
 232 E   0.00008 0.54806 0.00068 0.45118 ( 2)
 233 G   0.65588 0.00048 0.34325 0.00039 ( 1)
 234 D   0.58401 0.02836 0.36428 0.02335 ( 1)
 235 R   0.67768 0.00018 0.32200 0.00015 ( 1)
 236 T   0.65358 0.00062 0.34529 0.00051 ( 1)
 237 I   0.59065 0.03354 0.34819 0.02761 ( 1)
 238 G   0.66179 0.00041 0.33746 0.00034 ( 1)
 239 I   0.05979 0.27451 0.43971 0.22599 ( 3)
 240 L   0.61901 0.01262 0.35799 0.01039 ( 1)
 241 T   0.65879 0.00061 0.34010 0.00050 ( 1)
 242 K   0.62787 0.00430 0.36430 0.00354 ( 1)
 243 P   0.63880 0.00109 0.35920 0.00090 ( 1)
 244 D   0.63377 0.00147 0.36356 0.00121 ( 1)
 245 L   0.55847 0.04471 0.36002 0.03681 ( 1)
 246 V   0.59764 0.00888 0.38618 0.00731 ( 1)
 247 D   0.13405 0.00611 0.85480 0.00503 ( 3)
 248 K   0.00108 0.53994 0.01449 0.44449 ( 2)
 249 G   0.65593 0.00045 0.34326 0.00037 ( 1)
 250 T   0.65858 0.00629 0.32995 0.00518 ( 1)
 251 E   0.61162 0.00605 0.37735 0.00498 ( 1)
 252 D   0.04412 0.50914 0.02760 0.41914 ( 2)
 253 K   0.02013 0.44932 0.16065 0.36990 ( 2)
 254 V   0.40919 0.12339 0.36584 0.10158 ( 1)
 255 V   0.01184 0.50652 0.06465 0.41699 ( 2)
 256 D   0.03362 0.30412 0.41190 0.25036 ( 3)
 257 V   0.53972 0.08864 0.29867 0.07297 ( 1)
 258 V   0.00198 0.54005 0.01340 0.44458 ( 2)
 259 R   0.41694 0.18110 0.25287 0.14909 ( 1)
 260 N   0.68534 0.00007 0.31454 0.00006 ( 1)
 261 L   0.09273 0.46528 0.05895 0.38304 ( 2)
 262 V   0.65755 0.00139 0.33991 0.00115 ( 1)
 263 F   0.00130 0.54729 0.00085 0.45055 ( 2)
 264 H   0.52960 0.09826 0.29125 0.08089 ( 1)
 265 L   0.60407 0.02566 0.34914 0.02113 ( 1)
 266 K   0.60517 0.03283 0.33497 0.02703 ( 1)
 267 K   0.62787 0.00430 0.36430 0.00354 ( 1)
 268 G   0.66141 0.00055 0.33758 0.00045 ( 1)
 269 Y   0.63183 0.00181 0.36488 0.00149 ( 1)
 270 M   0.69068 0.00006 0.30922 0.00005 ( 1)
 271 I   0.41407 0.07068 0.45706 0.05819 ( 3)
 272 V   0.60686 0.00087 0.39155 0.00072 ( 1)
 273 K   0.62269 0.00460 0.36893 0.00378 ( 1)
 274 C   0.66199 0.00038 0.33732 0.00031 ( 1)
 275 R   0.01099 0.00575 0.97853 0.00473 ( 3)
 276 G   0.66182 0.00045 0.33737 0.00037 ( 1)
 277 Q   0.61771 0.00783 0.36801 0.00644 ( 1)
 278 Q   0.03718 0.21879 0.56391 0.18012 ( 3)
 279 E   0.37901 0.22166 0.21685 0.18248 ( 1)
 280 I   0.09273 0.03524 0.84303 0.02901 ( 3)
 281 Q   0.00149 0.49163 0.10215 0.40473 ( 2)
 282 D   0.00973 0.54079 0.00430 0.44519 ( 2)
 283 Q   0.01323 0.50633 0.06361 0.41683 ( 2)
 284 L   0.03137 0.51970 0.02109 0.42784 ( 2)
 285 S   0.09705 0.05185 0.80842 0.04268 ( 3)
 286 L   0.09247 0.09803 0.72880 0.08070 ( 3)
 287 S   0.00182 0.54043 0.01285 0.44490 ( 2)
 288 E   0.00494 0.54423 0.00280 0.44803 ( 2)
 289 A   0.63561 0.00297 0.35897 0.00245 ( 1)
 290 L   0.05337 0.49995 0.03511 0.41158 ( 2)
 291 Q   0.41735 0.09565 0.40826 0.07874 ( 1)
 292 R   0.01736 0.53308 0.01072 0.43885 ( 2)
 293 E   0.61052 0.00627 0.37805 0.00516 ( 1)
 294 K   0.00242 0.54642 0.00133 0.44983 ( 2)
 295 I   0.00000 0.54847 0.00000 0.45152 ( 2)
 296 F   0.63049 0.00200 0.36587 0.00164 ( 1)
 297 F   0.61261 0.00412 0.37987 0.00339 ( 1)
 298 E   0.17045 0.39707 0.10560 0.32688 ( 2)
 299 D   0.00045 0.54810 0.00023 0.45122 ( 2)
 300 H   0.66208 0.00029 0.33740 0.00024 ( 1)
 301 P   0.00019 0.54831 0.00011 0.45139 ( 2)
 302 H   0.00097 0.54713 0.00149 0.45041 ( 2)
 303 F   0.63049 0.00200 0.36587 0.00164 ( 1)
 304 R   0.58534 0.05243 0.31907 0.04316 ( 1)
 305 D   0.00019 0.54763 0.00135 0.45083 ( 2)
 306 L   0.62769 0.00315 0.36656 0.00260 ( 1)
 307 L   0.52982 0.04586 0.38657 0.03775 ( 1)
 308 E   0.58365 0.04856 0.32781 0.03998 ( 1)
 309 E   0.15481 0.39033 0.13353 0.32133 ( 2)
 310 G   0.52402 0.10293 0.28831 0.08474 ( 1)
 311 K   0.20216 0.37003 0.12319 0.30462 ( 2)
 312 A   0.61160 0.00309 0.38277 0.00254 ( 1)
 313 T   0.66551 0.00052 0.33354 0.00043 ( 1)
 314 I   0.03439 0.51718 0.02267 0.42576 ( 2)
 315 P   0.64034 0.00056 0.35863 0.00046 ( 1)
 316 C   0.03476 0.52010 0.01698 0.42816 ( 2)
 317 L   0.52750 0.04806 0.38488 0.03956 ( 1)
 318 A   0.64076 0.00089 0.35761 0.00073 ( 1)
 319 E   0.00090 0.54291 0.00925 0.44694 ( 2)
 320 K   0.21207 0.36101 0.12972 0.29720 ( 2)
 321 L   0.60974 0.01880 0.35598 0.01548 ( 1)
 322 T   0.64273 0.00066 0.35607 0.00054 ( 1)
 323 S   0.00000 0.54848 0.00000 0.45152 ( 2)
 324 E   0.61112 0.00645 0.37711 0.00531 ( 1)
 325 L   0.62875 0.00223 0.36718 0.00184 ( 1)
 326 I   0.15441 0.40897 0.09994 0.33668 ( 2)
 327 A   0.00056 0.54573 0.00446 0.44926 ( 2)
 328 H   0.14479 0.00106 0.85329 0.00087 ( 3)
 329 I   0.60419 0.00941 0.37864 0.00775 ( 1)
 330 C   0.39621 0.19261 0.25261 0.15857 ( 1)
 331 K   0.62993 0.00260 0.36533 0.00214 ( 1)
 332 S   0.47289 0.15845 0.23822 0.13044 ( 1)
 333 L   0.56875 0.03706 0.36368 0.03051 ( 1)
 334 P   0.63215 0.00077 0.36645 0.00063 ( 1)
 335 L   0.00076 0.54623 0.00335 0.44967 ( 2)
 336 L   0.60530 0.03733 0.32664 0.03073 ( 1)
 337 E   0.61049 0.00626 0.37809 0.00515 ( 1)
 338 N   0.03402 0.29833 0.42206 0.24559 ( 3)
 339 Q   0.62316 0.00320 0.37100 0.00264 ( 1)
 340 I   0.12957 0.00311 0.86476 0.00256 ( 3)
 341 K   0.00291 0.54469 0.00398 0.44841 ( 2)
 342 E   0.00046 0.54633 0.00345 0.44976 ( 2)
 343 S   0.00000 0.54847 0.00001 0.45152 ( 2)
 344 H   0.54547 0.03106 0.39790 0.02557 ( 1)
 345 Q   0.51915 0.09410 0.30929 0.07747 ( 1)
 346 G   0.00000 0.54847 0.00001 0.45152 ( 2)
 347 I   0.01299 0.53152 0.01793 0.43757 ( 2)
 348 T   0.00137 0.53998 0.01411 0.44453 ( 2)
 349 E   0.12528 0.23354 0.44893 0.19225 ( 3)
 350 E   0.61114 0.00643 0.37713 0.00530 ( 1)
 351 L   0.61940 0.00687 0.36808 0.00565 ( 1)
 352 Q   0.62083 0.00519 0.36970 0.00427 ( 1)
 353 K   0.61609 0.00469 0.37535 0.00386 ( 1)
 354 Y   0.63125 0.00177 0.36552 0.00146 ( 1)
 355 G   0.10223 0.03561 0.83285 0.02931 ( 3)
 356 V   0.00000 0.54848 0.00000 0.45152 ( 2)
 357 D   0.11167 0.06121 0.77674 0.05039 ( 3)
 358 I   0.04479 0.51007 0.02524 0.41990 ( 2)
 359 P   0.11671 0.00333 0.87723 0.00274 ( 3)
 360 E   0.02309 0.45894 0.14015 0.37781 ( 2)
 361 D   0.00515 0.53768 0.01454 0.44263 ( 2)
 362 E   0.03247 0.25292 0.50639 0.20822 ( 3)
 363 N   0.00016 0.54829 0.00018 0.45137 ( 2)
 364 E   0.00075 0.54497 0.00565 0.44864 ( 2)
 365 K   0.58334 0.03350 0.35558 0.02758 ( 1)
 366 M   0.09191 0.10438 0.71779 0.08593 ( 3)
 367 F   0.00161 0.53130 0.02970 0.43739 ( 2)
 368 F   0.26332 0.32019 0.15289 0.26359 ( 2)
 369 L   0.60123 0.02615 0.35108 0.02153 ( 1)
 370 I   0.00296 0.51750 0.05352 0.42602 ( 2)
 371 D   0.01631 0.43264 0.19490 0.35616 ( 2)
 372 K   0.18576 0.38084 0.11989 0.31352 ( 2)
 373 I   0.08146 0.47479 0.05288 0.39087 ( 2)
 374 N   0.06032 0.49511 0.03698 0.40759 ( 2)
 375 A   0.00241 0.54593 0.00224 0.44943 ( 2)
 376 F   0.60936 0.00485 0.38180 0.00399 ( 1)
 377 N   0.64426 0.00081 0.35426 0.00067 ( 1)
 378 Q   0.00000 0.54846 0.00003 0.45151 ( 2)
 379 D   0.35646 0.24087 0.20439 0.19829 ( 1)
 380 I   0.37057 0.11142 0.42628 0.09173 ( 3)
 381 T   0.00000 0.54847 0.00000 0.45152 ( 2)
 382 A   0.00000 0.54848 0.00000 0.45152 ( 2)
 383 L   0.00004 0.54692 0.00280 0.45024 ( 2)
 384 I   0.06139 0.31332 0.36735 0.25794 ( 3)
 385 Q   0.00442 0.53977 0.01145 0.44436 ( 2)
 386 G   0.64439 0.01006 0.33726 0.00828 ( 1)
 387 E   0.05878 0.26808 0.45245 0.22069 ( 3)
 388 E   0.61157 0.00609 0.37732 0.00501 ( 1)
 389 T   0.00000 0.54848 0.00000 0.45152 ( 2)
 390 V   0.02063 0.44272 0.17219 0.36446 ( 2)
 391 G   0.00006 0.54842 0.00004 0.45148 ( 2)
 392 E   0.00224 0.54660 0.00118 0.44998 ( 2)
 393 D   0.00035 0.54819 0.00017 0.45129 ( 2)
 394 D   0.00746 0.54185 0.00462 0.44607 ( 2)
 395 S   0.00310 0.54566 0.00203 0.44921 ( 2)
 396 R   0.64536 0.00148 0.35194 0.00122 ( 1)
 397 L   0.54617 0.03808 0.38441 0.03135 ( 1)
 398 F   0.60880 0.00534 0.38146 0.00440 ( 1)
 399 T   0.13599 0.03091 0.80765 0.02545 ( 3)
 400 R   0.58998 0.03722 0.34217 0.03064 ( 1)
 401 L   0.00059 0.54531 0.00518 0.44892 ( 2)
 402 R   0.67952 0.00053 0.31951 0.00044 ( 1)
 403 R   0.00002 0.54838 0.00015 0.45145 ( 2)
 404 E   0.60914 0.00647 0.37906 0.00533 ( 1)
 405 F   0.61093 0.00347 0.38273 0.00286 ( 1)
 406 H   0.00003 0.54839 0.00013 0.45145 ( 2)
 407 K   0.01878 0.53247 0.01041 0.43834 ( 2)
 408 W   0.64886 0.00043 0.35035 0.00036 ( 1)
 409 G   0.00755 0.54216 0.00397 0.44632 ( 2)
 410 I   0.00004 0.54844 0.00003 0.45149 ( 2)
 411 I   0.00000 0.54846 0.00003 0.45151 ( 2)
 412 I   0.23947 0.34060 0.13954 0.28039 ( 2)
 413 E   0.09572 0.45700 0.07106 0.37622 ( 2)
 414 N   0.12636 0.43584 0.07901 0.35879 ( 2)
 415 N   0.00558 0.52531 0.03666 0.43245 ( 2)
 416 L   0.03042 0.52092 0.01982 0.42884 ( 2)
 417 Q   0.00010 0.54839 0.00006 0.45145 ( 2)
 418 E   0.03839 0.51502 0.02261 0.42398 ( 2)
 419 -   0.31176 0.23671 0.25665 0.19487 ( 1)
 420 -   0.31176 0.23671 0.25665 0.19487 ( 1)
 421 G   0.53951 0.10938 0.26107 0.09004 ( 1)
 422 H   0.00002 0.54837 0.00017 0.45144 ( 2)
 423 K   0.00000 0.54847 0.00001 0.45152 ( 2)
 424 I   0.00002 0.54845 0.00003 0.45150 ( 2)
 425 T   0.00004 0.54831 0.00027 0.45138 ( 2)
 426 S   0.00000 0.54848 0.00000 0.45152 ( 2)
 427 R   0.25362 0.33657 0.13274 0.27707 ( 2)
 428 K   0.00607 0.54321 0.00353 0.44719 ( 2)
 429 M   0.08412 0.15128 0.64006 0.12454 ( 3)
 430 Q   0.00000 0.54847 0.00000 0.45152 ( 2)
 431 K   0.01502 0.53546 0.00871 0.44081 ( 2)
 432 F   0.54907 0.07250 0.31874 0.05969 ( 1)
 433 E   0.61171 0.00597 0.37741 0.00492 ( 1)
 434 N   0.44129 0.16510 0.25769 0.13592 ( 1)
 435 Q   0.01219 0.53745 0.00791 0.44245 ( 2)
 436 Y   0.63130 0.00173 0.36555 0.00143 ( 1)
 437 R   0.68306 0.00012 0.31673 0.00009 ( 1)
 438 G   0.65586 0.00051 0.34320 0.00042 ( 1)
 439 R   0.63943 0.00130 0.35820 0.00107 ( 1)
 440 E   0.53042 0.07741 0.32845 0.06373 ( 1)
 441 L   0.43422 0.16328 0.26808 0.13442 ( 1)
 442 P   0.63870 0.00113 0.35924 0.00093 ( 1)
 443 G   0.11956 0.00209 0.87663 0.00172 ( 3)
 444 F   0.61090 0.00535 0.37934 0.00440 ( 1)
 445 V   0.48822 0.10040 0.32873 0.08265 ( 1)
 446 N   0.12594 0.04860 0.78546 0.04001 ( 3)
 447 Y   0.63119 0.00182 0.36550 0.00150 ( 1)
 448 R   0.03642 0.38707 0.25786 0.31865 ( 2)
 449 T   0.62884 0.01472 0.34432 0.01212 ( 1)
 450 F   0.60853 0.00559 0.38129 0.00460 ( 1)
 451 E   0.61033 0.00644 0.37794 0.00530 ( 1)
 452 T   0.00026 0.54825 0.00015 0.45134 ( 2)
 453 I   0.60467 0.00900 0.37893 0.00741 ( 1)
 454 V   0.62599 0.02178 0.33431 0.01793 ( 1)
 455 K   0.62964 0.00285 0.36517 0.00235 ( 1)
 456 Q   0.01922 0.53130 0.01211 0.43738 ( 2)
 457 Q   0.22910 0.34801 0.13640 0.28649 ( 2)
 458 I   0.17777 0.38880 0.11336 0.32007 ( 2)
 459 K   0.00001 0.54846 0.00003 0.45151 ( 2)
 460 A   0.00015 0.54359 0.00877 0.44750 ( 2)
 461 L   0.53890 0.04330 0.38215 0.03565 ( 1)
 462 E   0.61049 0.00626 0.37809 0.00515 ( 1)
 463 E   0.61040 0.00637 0.37798 0.00525 ( 1)
 464 P   0.62439 0.01343 0.35113 0.01106 ( 1)
 465 A   0.60846 0.00580 0.38095 0.00478 ( 1)
 466 V   0.17487 0.38696 0.11961 0.31856 ( 2)
 467 N   0.00391 0.54055 0.01054 0.44500 ( 2)
 468 M   0.57319 0.00116 0.42470 0.00095 ( 1)
 469 L   0.53371 0.04217 0.38940 0.03472 ( 1)
 470 H   0.62401 0.05576 0.27433 0.04590 ( 1)
 471 T   0.11211 0.35769 0.23574 0.29446 ( 2)
 472 V   0.51285 0.08549 0.33127 0.07038 ( 1)
 473 T   0.59087 0.01052 0.38995 0.00866 ( 1)
 474 D   0.00001 0.54837 0.00017 0.45144 ( 2)
 475 M   0.30775 0.28457 0.17341 0.23427 ( 1)
 476 V   0.66744 0.00654 0.32064 0.00538 ( 1)
 477 R   0.00091 0.54766 0.00057 0.45086 ( 2)
 478 L   0.00000 0.54848 0.00000 0.45152 ( 2)
 479 A   0.02448 0.52692 0.01482 0.43378 ( 2)
 480 F   0.61183 0.00269 0.38326 0.00222 ( 1)
 481 T   0.00001 0.54847 0.00001 0.45151 ( 2)
 482 D   0.00063 0.54511 0.00552 0.44875 ( 2)
 483 V   0.09801 0.45812 0.06674 0.37714 ( 2)
 484 S   0.02202 0.48003 0.10278 0.39517 ( 2)
 485 M   0.00000 0.54848 0.00000 0.45152 ( 2)
 486 K   0.00296 0.54586 0.00180 0.44937 ( 2)
 487 N   0.00728 0.52083 0.04312 0.42877 ( 2)
 488 F   0.60832 0.00577 0.38116 0.00475 ( 1)
 489 E   0.00027 0.54824 0.00017 0.45133 ( 2)
 490 E   0.28503 0.30475 0.15933 0.25088 ( 2)
 491 L   0.53339 0.07262 0.33421 0.05978 ( 1)
 492 F   0.00457 0.54317 0.00511 0.44715 ( 2)
 493 N   0.68534 0.00007 0.31454 0.00006 ( 1)
 494 L   0.62876 0.00520 0.36176 0.00428 ( 1)
 495 H   0.01443 0.53690 0.00668 0.44199 ( 2)
 496 R   0.00405 0.39566 0.27457 0.32572 ( 2)
 497 T   0.60253 0.00751 0.38378 0.00618 ( 1)
 498 A   0.29494 0.28546 0.18459 0.23500 ( 1)
