Supplemental results for CODEML (seqf: ../../../Mx_aln.phy  treef: ../../../Mx_branch_duckchicken.tree)

I	J	ij	2Ns_IJ	pMut_IJ	pSub_IJ	2Ns_JI	pMut_JI	pSub_JI

TTC	TTT	CT	0.78481	0.03343	0.04825	-0.78481	0.07328	0.04825
TTA	TTT	AT	1.95748	0.00289	0.00659	-1.95748	0.02048	0.00659
TTA	TTC	AC	1.17267	0.00696	0.01182	-1.17267	0.02249	0.01182
TTG	TTT	GT	0.88520	0.00704	0.01060	-0.88520	0.01705	0.01060
TTG	TTC	GC	0.10039	0.01693	0.01779	-0.10039	0.01872	0.01779
TTG	TTA	GA	-1.07228	0.04060	0.02265	1.07228	0.01389	0.02265
TCT	TTT	CT	1.60953	0.01465	0.02948	-1.60953	0.07328	0.02948
TCC	TTC	CT	1.27671	0.02244	0.03973	-1.27671	0.08044	0.03973
TCC	TCT	CT	0.45198	0.02244	0.02789	-0.45198	0.03526	0.02789
TCA	TTA	CT	0.50000	0.01236	0.01571	-0.50000	0.02039	0.01571
TCA	TCT	AT	0.84795	0.00422	0.00626	-0.84795	0.00986	0.00626
TCA	TCC	AC	0.39597	0.01016	0.01230	-0.39597	0.01509	0.01230
TCG	TTG	CT	1.97668	0.00687	0.01576	-1.97668	0.04959	0.01576
TCG	TCT	GT	1.25234	0.00235	0.00411	-1.25234	0.00821	0.00411
TCG	TCC	GC	0.80036	0.00564	0.00820	-0.80036	0.01256	0.00820
TCG	TCA	GA	0.40440	0.01353	0.01645	-0.40440	0.02028	0.01645
TAT	TTT	AT	1.33429	0.00539	0.00977	-1.33429	0.02048	0.00977
TAT	TCT	AC	-0.27524	0.01298	0.01128	0.27524	0.00986	0.01128
TAC	TTC	AT	0.90807	0.00907	0.01380	-0.90807	0.02249	0.01380
TAC	TCC	AC	-0.36864	0.02182	0.01805	0.36864	0.01509	0.01805
TAC	TAT	CT	0.35858	0.02656	0.03161	-0.35858	0.03802	0.03161
TGT	TTT	GT	1.82966	0.00274	0.00596	-1.82966	0.01705	0.00596
TGT	TCT	GC	0.22013	0.00658	0.00734	-0.22013	0.00821	0.00734
TGT	TAT	GA	0.49537	0.01579	0.02002	-0.49537	0.02591	0.02002
TGC	TTC	GT	1.21559	0.00555	0.00959	-1.21559	0.01872	0.00959
TGC	TCC	GC	-0.06112	0.01336	0.01295	0.06112	0.01256	0.01295
TGC	TAC	GA	0.30752	0.03203	0.03720	-0.30752	0.04356	0.03720
TGC	TGT	CT	0.17074	0.01626	0.01768	-0.17074	0.01928	0.01768
TGG	TTG	GT	1.23327	0.00336	0.00585	-1.23327	0.01154	0.00585
TGG	TCG	GC	-0.74341	0.00809	0.00545	0.74341	0.00385	0.00545
TGG	TGT	GT	0.28881	0.00336	0.00387	-0.28881	0.00449	0.00387
TGG	TGC	GC	0.11807	0.00809	0.00858	-0.11807	0.00910	0.00858
CTT	TTT	CT	1.20407	0.02198	0.03781	-1.20407	0.07328	0.03781
CTC	TTC	CT	1.04949	0.02816	0.04548	-1.04949	0.08044	0.04548
CTC	CTT	CT	0.63023	0.02816	0.03796	-0.63023	0.05289	0.03796
CTA	TTA	CT	0.59717	0.01122	0.01490	-0.59717	0.02039	0.01490
CTA	CTT	AT	1.35058	0.00383	0.00698	-1.35058	0.01479	0.00698
CTA	CTC	AC	0.72035	0.00922	0.01293	-0.72035	0.01894	0.01293
CTG	TTG	CT	-0.64799	0.09479	0.06737	0.64799	0.04959	0.06737
CTG	CTT	GT	-0.96686	0.03237	0.01920	0.96686	0.01231	0.01920
CTG	CTC	GC	-1.59709	0.07788	0.03158	1.59709	0.01577	0.03158
CTG	CTA	GA	-2.31744	0.18675	0.04730	2.31744	0.01840	0.04730
CCT	TCT	CT	0.53714	0.02061	0.02663	-0.53714	0.03526	0.02663
CCT	CTT	CT	0.94261	0.02061	0.03182	-0.94261	0.05289	0.03182
CCC	TCC	CT	1.09359	0.01809	0.02975	-1.09359	0.05399	0.02975
CCC	CTC	CT	1.32080	0.01809	0.03259	-1.32080	0.06777	0.03259
CCC	CCT	CT	1.00843	0.01809	0.02872	-1.00843	0.04959	0.02872
CCA	TCA	CT	0.60437	0.01626	0.02166	-0.60437	0.02975	0.02166
CCA	CTA	CT	0.50721	0.01626	0.02073	-0.50721	0.02700	0.02073
CCA	CCT	AT	0.91518	0.00555	0.00847	-0.91518	0.01386	0.00847
CCA	CCC	AC	-0.09325	0.01336	0.01274	0.09325	0.01217	0.01274
CCG	TCG	CT	1.18822	0.00504	0.00861	-1.18822	0.01653	0.00861
CCG	CTG	CT	3.81289	0.00504	0.01964	-3.81289	0.22810	0.01964
CCG	CCT	GT	1.90343	0.00172	0.00385	-1.90343	0.01154	0.00385
CCG	CCC	GC	0.89500	0.00414	0.00626	-0.89500	0.01013	0.00626
CCG	CCA	GA	0.98825	0.00992	0.01562	-0.98825	0.02666	0.01562
CAT	TAT	CT	1.10484	0.01259	0.02081	-1.10484	0.03802	0.02081
CAT	CTT	AT	1.23506	0.00430	0.00749	-1.23506	0.01479	0.00749
CAT	CCT	AC	0.29246	0.01035	0.01193	-0.29246	0.01386	0.01193
CAC	TAC	CT	0.83587	0.02771	0.04088	-0.83587	0.06391	0.04088
CAC	CTC	AT	0.69444	0.00946	0.01312	-0.69444	0.01894	0.01312
CAC	CCC	AC	-0.62636	0.02276	0.01637	0.62636	0.01217	0.01637
CAC	CAT	CT	0.08961	0.02771	0.02897	-0.08961	0.03030	0.02897
CAA	CTA	AT	-0.25844	0.00977	0.00856	0.25844	0.00755	0.00856
CAA	CCA	AC	-0.76565	0.02351	0.01565	0.76565	0.01093	0.01565
CAA	CAT	AT	-0.14293	0.00977	0.00909	0.14293	0.00847	0.00909
CAA	CAC	AC	-0.23254	0.02351	0.02089	0.23254	0.01864	0.02089
CAG	CTG	AT	0.81781	0.02814	0.04120	-0.81781	0.06376	0.04120
CAG	CCG	AC	-2.99508	0.06772	0.01068	2.99508	0.00339	0.01068
CAG	CAT	GT	-1.38411	0.02814	0.01302	1.38411	0.00705	0.01302
CAG	CAC	GC	-1.47372	0.06772	0.02965	1.47372	0.01551	0.02965
CAG	CAA	GA	-1.24118	0.16239	0.08194	1.24118	0.04694	0.08194
CGT	TGT	CT	1.34237	0.00504	0.00915	-1.34237	0.01928	0.00915
CGT	CTT	GT	1.96796	0.00172	0.00393	-1.96796	0.01231	0.00393
CGT	CCT	GC	1.02536	0.00414	0.00662	-1.02536	0.01154	0.00662
CGT	CAT	GA	0.73290	0.00992	0.01400	-0.73290	0.02065	0.01400
CGC	TGC	CT	1.26955	0.01099	0.01941	-1.26955	0.03912	0.01941
CGC	CTC	GT	1.43564	0.00375	0.00707	-1.43564	0.01577	0.00707
CGC	CCC	GC	0.11484	0.00903	0.00956	-0.11484	0.01013	0.00956
CGC	CAC	GA	0.74120	0.02165	0.03066	-0.74120	0.04544	0.03066
CGC	CGT	CT	0.09791	0.01099	0.01154	-0.09791	0.01212	0.01154
CGA	CTA	GT	0.88997	0.00258	0.00390	-0.88997	0.00628	0.00390
CGA	CCA	GC	0.38276	0.00621	0.00747	-0.38276	0.00910	0.00747
CGA	CAA	GA	1.14842	0.01489	0.02503	-1.14842	0.04694	0.02503
CGA	CGT	AT	0.27258	0.00258	0.00295	-0.27258	0.00339	0.00295
CGA	CGC	AC	0.17468	0.00621	0.00677	-0.17468	0.00739	0.00677
CGG	TGG	CT	-0.04286	0.02473	0.02420	0.04286	0.02369	0.02420
CGG	CTG	GT	1.83839	0.00844	0.01846	-1.83839	0.05308	0.01846
CGG	CCG	GC	-1.97450	0.02032	0.00647	1.97450	0.00282	0.00647
CGG	CAG	GA	1.02058	0.04872	0.07773	-1.02058	0.13518	0.07773
CGG	CGT	GT	-1.09643	0.00844	0.00464	1.09643	0.00282	0.00464
CGG	CGC	GC	-1.19434	0.02032	0.01054	1.19434	0.00615	0.01054
CGG	CGA	GA	-1.36901	0.04872	0.02275	1.36901	0.01239	0.02275
ATT	TTT	AT	0.45040	0.01306	0.01622	-0.45040	0.02048	0.01622
ATT	CTT	AC	-0.75366	0.03141	0.02105	0.75366	0.01479	0.02105
ATC	TTC	AT	-0.15546	0.02627	0.02428	0.15546	0.02249	0.02428
ATC	CTC	AC	-1.20494	0.06321	0.03259	1.20494	0.01894	0.03259
ATC	ATT	CT	0.17895	0.07693	0.08402	-0.17895	0.09201	0.08402
ATA	TTA	AT	-0.40238	0.00852	0.00692	0.40238	0.00570	0.00692
ATA	CTA	AC	-0.99955	0.02050	0.01194	0.99955	0.00755	0.01194
ATA	ATT	AT	1.10470	0.00852	0.01408	-1.10470	0.02572	0.01408
ATA	ATC	AC	0.92575	0.02050	0.03144	-0.92575	0.05175	0.03144
ATG	TTG	AT	0.28002	0.01048	0.01201	-0.28002	0.01386	0.01201
ATG	CTG	AC	0.92801	0.02521	0.03869	-0.92801	0.06376	0.03869
ATG	ATT	GT	0.71481	0.01048	0.01466	-0.71481	0.02141	0.01466
ATG	ATC	GC	0.53586	0.02521	0.03256	-0.53586	0.04308	0.03256
ATG	ATA	GA	-0.38988	0.06044	0.04942	0.38988	0.04093	0.04942
ACT	TCT	AT	0.46748	0.00618	0.00773	-0.46748	0.00986	0.00773
ACT	CCT	AC	-0.06966	0.01486	0.01435	0.06966	0.01386	0.01435
ACT	ATT	CT	1.62661	0.01809	0.03662	-1.62661	0.09201	0.03662
ACC	TCC	AT	0.35036	0.01063	0.01260	-0.35036	0.01509	0.01260
ACC	CCC	AC	-0.74323	0.02558	0.01724	0.74323	0.01217	0.01724
ACC	ATC	CT	1.78252	0.03114	0.06673	-1.78252	0.18512	0.06673
ACC	ACT	CT	0.33486	0.03114	0.03664	-0.33486	0.04353	0.03664
ACA	TCA	AT	-0.02431	0.00852	0.00842	0.02431	0.00832	0.00842
ACA	CCA	AC	-0.62869	0.02050	0.01473	0.62869	0.01093	0.01473
ACA	ATA	CT	0.87807	0.02496	0.03750	-0.87807	0.06005	0.03750
ACA	ACT	AT	0.35615	0.00852	0.01013	-0.35615	0.01217	0.01013
ACA	ACC	AC	0.02129	0.02050	0.02072	-0.02129	0.02095	0.02072
ACG	TCG	AT	0.20805	0.00375	0.00416	-0.20805	0.00462	0.00416
ACG	CCG	AC	-0.98018	0.00903	0.00532	0.98018	0.00339	0.00532
ACG	ATG	CT	1.90471	0.01099	0.02460	-1.90471	0.07383	0.02460
ACG	ACT	GT	0.99291	0.00375	0.00592	-0.99291	0.01013	0.00592
ACG	ACC	GC	0.65805	0.00903	0.01232	-0.65805	0.01744	0.01232
ACG	ACA	GA	0.63676	0.02165	0.02927	-0.63676	0.04093	0.02927
AAT	TAT	AT	-0.18771	0.01282	0.01166	0.18771	0.01063	0.01166
AAT	CAT	AC	-1.29255	0.03085	0.01509	1.29255	0.00847	0.01509
AAT	ATT	AT	0.69618	0.01282	0.01780	-0.69618	0.02572	0.01780
AAT	ACT	AC	-0.93044	0.03085	0.01869	0.93044	0.01217	0.01869
AAC	TAC	AT	0.65252	0.00930	0.01267	-0.65252	0.01787	0.01267
AAC	CAC	AC	-0.18335	0.02239	0.02040	0.18335	0.01864	0.02040
AAC	ATC	AT	1.71604	0.00930	0.01946	-1.71604	0.05175	0.01946
AAC	ACC	AC	-0.06649	0.02239	0.02165	0.06649	0.02095	0.02165
AAC	AAT	CT	1.19881	0.02725	0.04677	-1.19881	0.09036	0.04677
AAA	CAA	AC	-0.95895	0.05023	0.02994	0.95895	0.01925	0.02994
AAA	ATA	AT	-0.21785	0.02087	0.01868	0.21785	0.01679	0.01868
AAA	ACA	AC	-1.09592	0.05023	0.02763	1.09592	0.01679	0.02763
AAA	AAT	AT	0.19067	0.02087	0.02293	-0.19067	0.02526	0.02293
AAA	AAC	AC	-1.00814	0.05023	0.02909	1.00814	0.01833	0.02909
AAG	CAG	AC	-0.23012	0.06979	0.06207	0.23012	0.05544	0.06207
AAG	ATG	AT	-0.34031	0.02900	0.02435	0.34031	0.02064	0.02435
AAG	ACG	AC	-2.24502	0.06979	0.01856	2.24502	0.00739	0.01856
AAG	AAT	GT	-0.32168	0.02900	0.02459	0.32168	0.02103	0.02459
AAG	AAC	GC	-1.52049	0.06979	0.02969	1.52049	0.01526	0.02969
AAG	AAA	GA	-0.51234	0.16735	0.12812	0.51234	0.10026	0.12812
AGT	TGT	AT	-0.23251	0.00680	0.00604	0.23251	0.00539	0.00604
AGT	CGT	AC	-1.57488	0.01637	0.00673	1.57488	0.00339	0.00673
AGT	ATT	GT	1.14674	0.00680	0.01143	-1.14674	0.02141	0.01143
AGT	ACT	GC	-0.47987	0.01637	0.01275	0.47987	0.01013	0.01275
AGT	AAT	GA	0.45057	0.03924	0.04875	-0.45057	0.06158	0.04875
AGC	TGC	AT	-0.08971	0.01196	0.01143	0.08971	0.01093	0.01143
AGC	CGC	AC	-1.35925	0.02878	0.01352	1.35925	0.00739	0.01352
AGC	ATC	GT	1.28133	0.01196	0.02122	-1.28133	0.04308	0.02122
AGC	ACC	GC	-0.50119	0.02878	0.02217	0.50119	0.01744	0.02217
AGC	AAC	GA	-0.43470	0.06901	0.05510	0.43470	0.04468	0.05510
AGC	AGT	CT	0.31354	0.03503	0.04081	-0.31354	0.04793	0.04081
AGA	CGA	AC	-1.60135	0.02521	0.01019	1.60135	0.00508	0.01019
AGA	ATA	GT	0.28817	0.01048	0.01206	-0.28817	0.01397	0.01206
AGA	ACA	GC	-0.58990	0.02521	0.01850	0.58990	0.01397	0.01850
AGA	AAA	GA	0.50602	0.06044	0.07702	-0.50602	0.10026	0.07702
AGA	AGT	AT	0.24612	0.01048	0.01182	-0.24612	0.01340	0.01182
AGA	AGC	AC	-0.06742	0.02521	0.02437	0.06742	0.02356	0.02437
AGG	TGG	AT	0.02041	0.00649	0.00656	-0.02041	0.00662	0.00656
AGG	CGG	AC	0.06327	0.01561	0.01611	-0.06327	0.01663	0.01611
AGG	ATG	GT	0.97366	0.00649	0.01015	-0.97366	0.01718	0.01015
AGG	ACG	GC	-0.93105	0.01561	0.00946	0.93105	0.00615	0.00946
AGG	AAG	GA	1.31397	0.03744	0.06727	-1.31397	0.13931	0.06727
AGG	AGT	GT	0.54173	0.00649	0.00840	-0.54173	0.01115	0.00840
AGG	AGC	GC	0.22819	0.01561	0.01746	-0.22819	0.01962	0.01746
AGG	AGA	GA	0.29561	0.03744	0.04325	-0.29561	0.05032	0.04325
GTT	TTT	GT	1.27413	0.00477	0.00844	-1.27413	0.01705	0.00844
GTT	CTT	GC	0.07007	0.01147	0.01188	-0.07007	0.01231	0.01188
GTT	ATT	GA	0.82373	0.02752	0.04039	-0.82373	0.06271	0.04039
GTC	TTC	GT	0.64198	0.00985	0.01335	-0.64198	0.01872	0.01335
GTC	CTC	GC	-0.40751	0.02370	0.01920	0.40751	0.01577	0.01920
GTC	ATC	GA	0.79744	0.05684	0.08248	-0.79744	0.12617	0.08248
GTC	GTT	CT	0.15266	0.02885	0.03111	-0.15266	0.03361	0.03111
GTA	TTA	GT	0.34438	0.00336	0.00397	-0.34438	0.00474	0.00397
GTA	CTA	GC	-0.25279	0.00809	0.00711	0.25279	0.00628	0.00711
GTA	ATA	GA	0.74676	0.01940	0.02753	-0.74676	0.04093	0.02753
GTA	GTT	AT	1.02772	0.00336	0.00538	-1.02772	0.00939	0.00538
GTA	GTC	AC	0.87506	0.00809	0.01214	-0.87506	0.01941	0.01214
GTG	TTG	GT	-0.51896	0.01939	0.01479	0.51896	0.01154	0.01479
GTG	CTG	GC	0.12903	0.04665	0.04973	-0.12903	0.05308	0.04973
GTG	ATG	GA	-0.79898	0.11187	0.07307	0.79898	0.05032	0.07307
GTG	GTT	GT	-0.90790	0.01939	0.01190	0.90790	0.00782	0.01190
GTG	GTC	GC	-1.06056	0.04665	0.02621	1.06056	0.01615	0.02621
GTG	GTA	GA	-1.93562	0.11187	0.03652	1.93562	0.01615	0.03652
GCT	TCT	GT	-0.38988	0.01212	0.00991	0.38988	0.00821	0.00991
GCT	CCT	GC	-0.92702	0.02916	0.01770	0.92702	0.01154	0.01770
GCT	ACT	GA	-0.85737	0.06992	0.04418	0.85737	0.02966	0.04418
GCT	GTT	CT	-0.05448	0.03549	0.03453	0.05448	0.03361	0.03453
GCC	TCC	GT	-0.09086	0.01376	0.01314	0.09086	0.01256	0.01314
GCC	CCC	GC	-1.18444	0.03311	0.01728	1.18444	0.01013	0.01728
GCC	ACC	GA	-0.44122	0.07939	0.06316	0.44122	0.05107	0.06316
GCC	GTC	CT	0.54387	0.04030	0.05225	-0.54387	0.06942	0.05225
GCC	GCT	CT	0.75101	0.04030	0.05731	-0.75101	0.08540	0.05731
GCA	TCA	GT	-0.07023	0.00743	0.00717	0.07023	0.00692	0.00717
GCA	CCA	GC	-0.67461	0.01787	0.01252	0.67461	0.00910	0.01252
GCA	ACA	GA	-0.04592	0.04285	0.04188	0.04592	0.04093	0.04188
GCA	GTA	CT	0.08539	0.02175	0.02269	-0.08539	0.02369	0.02269
GCA	GCT	AT	1.16760	0.00743	0.01259	-1.16760	0.02387	0.01259
GCA	GCC	AC	0.41659	0.01787	0.02185	-0.41659	0.02711	0.02185
GCG	TCG	GT	0.80481	0.00172	0.00250	-0.80481	0.00385	0.00250
GCG	CCG	GC	-0.38341	0.00414	0.00340	0.38341	0.00282	0.00340
GCG	ACG	GA	0.59677	0.00992	0.01318	-0.59677	0.01802	0.01318
GCG	GTG	CT	3.30045	0.00504	0.01726	-3.30045	0.13664	0.01726
GCG	GCT	GT	2.44704	0.00172	0.00461	-2.44704	0.01987	0.00461
GCG	GCC	GC	1.69603	0.00414	0.00860	-1.69603	0.02256	0.00860
GCG	GCA	GA	1.27944	0.00992	0.01759	-1.27944	0.03567	0.01759
GAT	TAT	GT	-0.38322	0.01298	0.01065	0.38322	0.00885	0.01065
GAT	CAT	GC	-1.48806	0.03123	0.01355	1.48806	0.00705	0.01355
GAT	AAT	GA	-0.19551	0.07488	0.06780	0.19551	0.06158	0.06780
GAT	GTT	AT	-0.32306	0.01298	0.01099	0.32306	0.00939	0.01099
GAT	GCT	AC	-0.26858	0.03123	0.02722	0.26858	0.02387	0.02722
GAC	TAC	GT	-0.38654	0.02189	0.01793	0.38654	0.01487	0.01793
GAC	CAC	GC	-1.22241	0.05267	0.02688	1.22241	0.01551	0.02688
GAC	AAC	GA	-1.03906	0.12630	0.07185	1.03906	0.04468	0.07185
GAC	GTC	AT	-0.12046	0.02189	0.02060	0.12046	0.01941	0.02060
GAC	GCC	AC	-0.66432	0.05267	0.03710	0.66432	0.02711	0.03710
GAC	GAT	CT	0.35527	0.06411	0.07617	-0.35527	0.09146	0.07617
GAA	CAA	GC	-1.36023	0.06245	0.02932	1.36023	0.01603	0.02932
GAA	AAA	GA	-0.40128	0.14976	0.12171	0.40128	0.10026	0.12171
GAA	GTA	AT	-1.36589	0.02595	0.01214	1.36589	0.00662	0.01214
GAA	GCA	AC	-1.45128	0.06245	0.02773	1.45128	0.01463	0.02773
GAA	GAT	AT	-0.01510	0.02595	0.02576	0.01510	0.02557	0.02576
GAA	GAC	AC	-0.37036	0.06245	0.05160	0.37036	0.04312	0.05160
GAG	CAG	GC	-0.55643	0.08051	0.06018	0.55643	0.04615	0.06018
GAG	AAG	GA	-0.32631	0.19306	0.16327	0.32631	0.13931	0.16327
GAG	GTG	AT	0.13235	0.03346	0.03572	-0.13235	0.03819	0.03572
GAG	GCG	AC	-3.16810	0.08051	0.01121	3.16810	0.00339	0.01121
GAG	GAT	GT	-0.45248	0.03346	0.02646	0.45248	0.02128	0.02646
GAG	GAC	GC	-0.80774	0.08051	0.05233	0.80774	0.03590	0.05233
GAG	GAA	GA	-0.43738	0.19306	0.15391	0.43738	0.12466	0.15391
GGT	TGT	GT	-0.02753	0.00461	0.00455	0.02753	0.00449	0.00455
GGT	CGT	GC	-1.36990	0.01110	0.00518	1.36990	0.00282	0.00518
GGT	AGT	GA	0.20498	0.02661	0.02943	-0.20498	0.03267	0.02943
GGT	GTT	GT	0.52800	0.00461	0.00594	-0.52800	0.00782	0.00594
GGT	GCT	GC	0.58248	0.01110	0.01464	-0.58248	0.01987	0.01464
GGT	GAT	GA	0.85106	0.02661	0.03953	-0.85106	0.06233	0.03953
GGC	TGC	GT	-0.05485	0.00962	0.00935	0.05485	0.00910	0.00935
GGC	CGC	GC	-1.32439	0.02314	0.01110	1.32439	0.00615	0.01110
GGC	AGC	GA	0.03486	0.05548	0.05646	-0.03486	0.05745	0.05646
GGC	GTC	GT	0.51876	0.00962	0.01232	-0.51876	0.01615	0.01232
GGC	GCC	GC	-0.02511	0.02314	0.02285	0.02511	0.02256	0.02285
GGC	GAC	GA	0.63921	0.05548	0.07509	-0.63921	0.10514	0.07509
GGC	GGT	CT	0.14342	0.02816	0.03023	-0.14342	0.03251	0.03023
GGA	CGA	GC	-1.40869	0.01731	0.00789	1.40869	0.00423	0.00789
GGA	AGA	GA	0.19266	0.04150	0.04562	-0.19266	0.05032	0.04562
GGA	GTA	GT	-0.26593	0.00719	0.00628	0.26593	0.00551	0.00628
GGA	GCA	GC	-0.35132	0.01731	0.01444	0.35132	0.01218	0.01444
GGA	GAA	GA	1.09996	0.04150	0.06842	-1.09996	0.12466	0.06842
GGA	GGT	AT	0.23380	0.00719	0.00807	-0.23380	0.00909	0.00807
GGA	GGC	AC	0.09038	0.01731	0.01810	-0.09038	0.01894	0.01810
GGG	TGG	GT	-0.30849	0.00750	0.00641	0.30849	0.00551	0.00641
GGG	CGG	GC	-0.26563	0.01806	0.01577	0.26563	0.01385	0.01577
GGG	AGG	GA	-0.32890	0.04330	0.03657	0.32890	0.03117	0.03657
GGG	GTG	GT	1.44374	0.00750	0.01418	-1.44374	0.03179	0.01418
GGG	GCG	GC	-1.85671	0.01806	0.00621	1.85671	0.00282	0.00621
GGG	GAG	GA	1.31138	0.04330	0.07773	-1.31138	0.16071	0.07773
GGG	GGT	GT	0.00785	0.00750	0.00753	-0.00785	0.00756	0.00753
GGG	GGC	GC	-0.13557	0.01806	0.01686	0.13557	0.01577	0.01686
GGG	GGA	GA	-0.22595	0.04330	0.03860	0.22595	0.03455	0.03860


Histograms
2Ns	FMut	FSub(CodonUsage)	FSubw(after w)

-3.63132	0.01491	0.00150
-3.26819	0.01419	0.00217
-2.90506	0.00443	0.00081
-2.54193	0.00130	0.00035
-2.17879	0.01676	0.00502
-1.81566	0.04232	0.01701
-1.45253	0.09401	0.05008
-1.08940	0.13304	0.08605
-0.72626	0.12253	0.09672
-0.36313	0.18254	0.17535
0.00000	0.11156	0.12988
0.36313	0.12570	0.17535
0.72626	0.05885	0.09672
1.08940	0.04520	0.08605
1.45253	0.02314	0.05008
1.81566	0.00665	0.01701
2.17879	0.00169	0.00502
2.54193	0.00011	0.00035
2.90506	0.00022	0.00081
3.26819	0.00055	0.00217
3.63132	0.00033	0.00150

Proportion of advantageous (S > 0) mutations:
 0.31558

Proportions of good & bad mutations (|S| > 2.0000) among mutations:
0.00290  0.05159

mean |Ns| = 0.87330	mean Ns+ = 0.61798	mean Ns- = -0.99102


MLEs of dN/dS (w) for site classes (K=4)

site class             0        1       2a       2b
proportion       0.43029  0.31120  0.15001  0.10849
background w     0.06499  1.00000  0.06499  1.00000
foreground w     0.06499  1.00000  2.26914  2.26914

Naive Empirical Bayes (NEB) probabilities for 4 classes
(amino acids refer to 1st sequence: Rhesus_macaque_Mx)

   1 I   0.00164 0.69860 0.01177 0.28799 ( 2)
   2 V   0.00001 0.84984 0.00000 0.15015 ( 2)
   3 K   0.19549 0.63524 0.02590 0.14337 ( 2)
   4 A   0.00001 0.61954 0.00008 0.38037 ( 2)
   5 D   0.01408 0.85712 0.00097 0.12783 ( 2)
   6 P   0.00008 0.50325 0.01949 0.47717 ( 2)
   7 A   0.00002 0.70803 0.00027 0.29168 ( 2)
   8 A   0.00004 0.68051 0.00030 0.31915 ( 2)
   9 A   0.00281 0.70889 0.01568 0.27262 ( 2)
  10 S   0.00000 0.62436 0.00000 0.37564 ( 2)
  11 Q   0.08118 0.79847 0.00449 0.11586 ( 2)
  12 P   0.05628 0.75953 0.01596 0.16823 ( 2)
  13 L   0.00235 0.81346 0.00035 0.18384 ( 2)
  14 L   0.00713 0.81254 0.00132 0.17902 ( 2)
  15 L   0.16223 0.65555 0.03474 0.14748 ( 2)
  16 N   0.00402 0.84458 0.00084 0.15056 ( 2)
  17 G   0.00335 0.66524 0.02937 0.30204 ( 2)
  18 D   0.00000 0.70624 0.00001 0.29376 ( 2)
  19 A   0.00002 0.78182 0.00001 0.21815 ( 2)
  20 D   0.00025 0.69867 0.00224 0.29885 ( 2)
  21 V   0.00000 0.71835 0.00002 0.28163 ( 2)
  22 A   0.00149 0.71945 0.00765 0.27140 ( 2)
  23 Q   0.64219 0.22960 0.07967 0.04854 ( 1)
  24 K   0.09902 0.72026 0.01559 0.16513 ( 2)
  25 S   0.00000 0.47792 0.00001 0.52207 ( 4)
  26 P   0.00000 0.51168 0.00056 0.48776 ( 2)
  27 G   0.00004 0.53180 0.00206 0.46610 ( 2)
  28 S   0.00019 0.63547 0.00506 0.35929 ( 2)
  29 V   0.00055 0.85118 0.00007 0.14820 ( 2)
  30 A   0.00014 0.85306 0.00002 0.14679 ( 2)
  31 E   0.00060 0.67173 0.00280 0.32487 ( 2)
  32 N   0.00005 0.57057 0.00728 0.42210 ( 2)
  33 N   0.09253 0.06711 0.81279 0.02757 ( 3)
  34 L   0.82952 0.04766 0.11284 0.00999 ( 1)
  35 C   0.05417 0.31922 0.47337 0.15323 ( 3)
  36 S   0.73929 0.14182 0.09622 0.02267 ( 1)
  37 Q   0.73542 0.13706 0.09782 0.02971 ( 1)
  38 Y   0.91157 0.00237 0.08564 0.00042 ( 1)
  39 E   0.19442 0.03410 0.75658 0.01490 ( 3)
  40 E   0.00754 0.02747 0.93997 0.02502 ( 3)
  41 K   0.88762 0.00646 0.10460 0.00132 ( 1)
  42 V   0.61202 0.13808 0.21779 0.03211 ( 1)
  43 R   0.22929 0.00515 0.76345 0.00211 ( 3)
  44 P   0.91218 0.00085 0.08682 0.00015 ( 1)
  45 C   0.93692 0.00058 0.06242 0.00009 ( 1)
  46 I   0.87367 0.01161 0.11231 0.00241 ( 1)
  47 D   0.91834 0.00249 0.07873 0.00043 ( 1)
  48 L   0.90938 0.00291 0.08718 0.00053 ( 1)
  49 I   0.21719 0.05385 0.70861 0.02035 ( 3)
  50 D   0.91213 0.00247 0.08496 0.00044 ( 1)
  51 S   0.05315 0.80251 0.00896 0.13538 ( 2)
  52 L   0.74736 0.06735 0.16684 0.01845 ( 1)
  53 R   0.92559 0.00205 0.07202 0.00034 ( 1)
  54 A   0.00558 0.13705 0.71468 0.14269 ( 3)
  55 L   0.87045 0.03766 0.08509 0.00681 ( 1)
  56 G   0.18895 0.00297 0.80642 0.00166 ( 3)
  57 V   0.70678 0.13711 0.13341 0.02271 ( 1)
  58 E   0.21030 0.03831 0.73597 0.01542 ( 3)
  59 Q   0.10266 0.34213 0.43309 0.12212 ( 3)
  60 D   0.91213 0.00247 0.08496 0.00044 ( 1)
  61 L   0.74252 0.07200 0.16576 0.01972 ( 1)
  62 A   0.00125 0.03233 0.92203 0.04439 ( 3)
  63 L   0.82239 0.05436 0.11186 0.01139 ( 1)
  64 P   0.91239 0.00064 0.08686 0.00011 ( 1)
  65 A   0.91971 0.00281 0.07701 0.00047 ( 1)
  66 I   0.86017 0.01429 0.12236 0.00318 ( 1)
  67 A   0.91851 0.00392 0.07691 0.00066 ( 1)
  68 V   0.87385 0.00106 0.12486 0.00023 ( 1)
  69 I   0.87244 0.01274 0.11217 0.00265 ( 1)
  70 G   0.93731 0.00052 0.06209 0.00008 ( 1)
  71 D   0.91213 0.00247 0.08496 0.00044 ( 1)
  72 Q   0.17879 0.05338 0.74500 0.02283 ( 3)
  73 S   0.32909 0.00528 0.66403 0.00159 ( 3)
  74 S   0.92956 0.00234 0.06774 0.00036 ( 1)
  75 G   0.94300 0.00062 0.05629 0.00009 ( 1)
  76 K   0.90333 0.00605 0.08946 0.00115 ( 1)
  77 S   0.92912 0.00096 0.06977 0.00015 ( 1)
  78 S   0.92557 0.00110 0.07315 0.00018 ( 1)
  79 V   0.24983 0.06025 0.66544 0.02448 ( 3)
  80 L   0.87430 0.03496 0.08446 0.00628 ( 1)
  81 E   0.87996 0.00898 0.10916 0.00190 ( 1)
  82 A   0.89549 0.00265 0.10133 0.00052 ( 1)
  83 L   0.76720 0.06628 0.14902 0.01749 ( 1)
  84 S   0.92982 0.00208 0.06778 0.00032 ( 1)
  85 G   0.94529 0.00060 0.05403 0.00008 ( 1)
  86 V   0.95370 0.00061 0.04561 0.00008 ( 1)
  87 A   0.16338 0.02361 0.80099 0.01201 ( 3)
  88 L   0.90749 0.00318 0.08874 0.00059 ( 1)
  89 P   0.91218 0.00085 0.08682 0.00015 ( 1)
  90 R   0.95480 0.00077 0.04433 0.00010 ( 1)
  91 G   0.27082 0.00527 0.72198 0.00193 ( 3)
  92 S   0.14252 0.02839 0.81767 0.01142 ( 3)
  93 G   0.94530 0.00044 0.05419 0.00006 ( 1)
  94 I   0.19292 0.04048 0.74973 0.01687 ( 3)
  95 V   0.29438 0.00382 0.70037 0.00142 ( 3)
  96 T   0.94596 0.00086 0.05306 0.00012 ( 1)
  97 R   0.93714 0.00147 0.06117 0.00022 ( 1)
  98 C   0.94380 0.00044 0.05570 0.00006 ( 1)
  99 P   0.92400 0.00145 0.07431 0.00024 ( 1)
 100 L   0.77099 0.04466 0.17211 0.01223 ( 1)
 101 V   0.65626 0.18883 0.11395 0.04096 ( 1)
 102 L   0.86922 0.03880 0.08497 0.00702 ( 1)
 103 K   0.85024 0.05511 0.08413 0.01051 ( 1)
 104 L   0.76860 0.04698 0.17154 0.01287 ( 1)
 105 K   0.81819 0.08463 0.08108 0.01610 ( 1)
 106 K   0.83182 0.07211 0.08232 0.01375 ( 1)
 107 L   0.16684 0.30577 0.43829 0.08910 ( 3)
 108 V   0.00000 0.69546 0.00000 0.30454 ( 2)
 109 N   0.00003 0.71768 0.00011 0.28219 ( 2)
 110 -   0.43029 0.31120 0.15001 0.10849 ( 1)
 111 E   0.00273 0.76770 0.01027 0.21929 ( 2)
 112 D   0.01154 0.80254 0.00239 0.18353 ( 2)
 113 E   0.17015 0.66745 0.02112 0.14127 ( 2)
 114 W   0.93314 0.00062 0.06615 0.00009 ( 1)
 115 R   0.08126 0.75349 0.01828 0.14696 ( 2)
 116 G   0.94296 0.00071 0.05624 0.00010 ( 1)
 117 K   0.00703 0.01380 0.96516 0.01401 ( 3)
 118 V   0.80422 0.01437 0.17837 0.00304 ( 1)
 119 S   0.00005 0.69374 0.00041 0.30580 ( 2)
 120 Y   0.86726 0.04234 0.08286 0.00755 ( 1)
 121 Q   0.00001 0.89048 0.00000 0.10952 ( 2)
 122 D   0.87323 0.01994 0.10363 0.00319 ( 1)
 123 Y   0.00000 0.68087 0.00000 0.31913 ( 2)
 124 E   0.00079 0.05787 0.84134 0.09999 ( 3)
 125 I   0.00047 0.73282 0.00122 0.26549 ( 2)
 126 E   0.00545 0.02851 0.93478 0.03126 ( 3)
 127 I   0.01014 0.80533 0.00200 0.18253 ( 2)
 128 L   0.00147 0.80993 0.00042 0.18818 ( 2)
 129 D   0.05033 0.39132 0.40307 0.15528 ( 3)
 130 A   0.29549 0.58122 0.02509 0.09820 ( 2)
 131 S   0.88572 0.00601 0.10707 0.00120 ( 1)
 132 E   0.00998 0.81499 0.00125 0.17377 ( 2)
 133 V   0.86877 0.00555 0.12448 0.00121 ( 1)
 134 E   0.18145 0.03623 0.76586 0.01647 ( 3)
 135 K   0.00004 0.71111 0.00013 0.28873 ( 2)
 136 E   0.18809 0.67525 0.02035 0.11631 ( 2)
 137 I   0.80143 0.12147 0.05794 0.01916 ( 1)
 138 N   0.16650 0.68489 0.03238 0.11623 ( 2)
 139 K   0.01536 0.66365 0.05112 0.26987 ( 2)
 140 A   0.84437 0.05894 0.08572 0.01097 ( 1)
 141 Q   0.86753 0.01333 0.11625 0.00289 ( 1)
 142 N   0.15500 0.69321 0.02790 0.12390 ( 2)
 143 T   0.00000 0.71135 0.00001 0.28864 ( 2)
 144 I   0.67657 0.17267 0.11219 0.03856 ( 1)
 145 A   0.87905 0.00670 0.11285 0.00140 ( 1)
 146 G   0.94008 0.00050 0.05934 0.00008 ( 1)
 147 E   0.03051 0.82138 0.00747 0.14064 ( 2)
 148 G   0.05270 0.19344 0.66967 0.08418 ( 3)
 149 M   0.00000 0.86270 0.00000 0.13730 ( 2)
 150 G   0.00375 0.74200 0.02186 0.23240 ( 2)
 151 I   0.87201 0.01314 0.11212 0.00273 ( 1)
 152 S   0.93702 0.00066 0.06222 0.00010 ( 1)
 153 H   0.00152 0.86040 0.00015 0.13793 ( 2)
 154 E   0.19536 0.64416 0.02425 0.13623 ( 2)
 155 L   0.89456 0.00684 0.09731 0.00130 ( 1)
 156 I   0.87482 0.01056 0.11243 0.00220 ( 1)
 157 T   0.08080 0.76710 0.01546 0.13664 ( 2)
 158 L   0.85676 0.04164 0.09364 0.00797 ( 1)
 159 E   0.75435 0.12552 0.09361 0.02652 ( 1)
 160 I   0.56927 0.23235 0.14538 0.05301 ( 1)
 161 S   0.23624 0.09094 0.64406 0.02876 ( 3)
 162 S   0.92422 0.00159 0.07393 0.00026 ( 1)
 163 R   0.88984 0.02766 0.07771 0.00480 ( 1)
 164 D   0.01461 0.52320 0.20848 0.25371 ( 2)
 165 V   0.93999 0.00063 0.05928 0.00010 ( 1)
 166 P   0.92016 0.00084 0.07886 0.00014 ( 1)
 167 D   0.91230 0.00226 0.08503 0.00041 ( 1)
 168 L   0.74252 0.07200 0.16576 0.01972 ( 1)
 169 T   0.92378 0.00068 0.07543 0.00011 ( 1)
 170 L   0.88020 0.02024 0.09576 0.00380 ( 1)
 171 I   0.88225 0.00355 0.11345 0.00074 ( 1)
 172 D   0.91834 0.00249 0.07873 0.00043 ( 1)
 173 L   0.90686 0.00376 0.08869 0.00069 ( 1)
 174 P   0.91040 0.00245 0.08672 0.00044 ( 1)
 175 G   0.93721 0.00067 0.06201 0.00010 ( 1)
 176 I   0.87420 0.01109 0.11240 0.00231 ( 1)
 177 T   0.82657 0.01433 0.15637 0.00273 ( 1)
 178 R   0.92745 0.00049 0.07198 0.00008 ( 1)
 179 V   0.14736 0.02169 0.81958 0.01137 ( 3)
 180 A   0.90045 0.00683 0.09146 0.00127 ( 1)
 181 V   0.19721 0.04518 0.74057 0.01704 ( 3)
 182 G   0.33218 0.00828 0.65710 0.00244 ( 3)
 183 N   0.93072 0.01121 0.05631 0.00176 ( 1)
 184 Q   0.85754 0.01406 0.12527 0.00312 ( 1)
 185 P   0.91924 0.00171 0.07875 0.00029 ( 1)
 186 P   0.00000 0.83496 0.00000 0.16504 ( 2)
 187 D   0.90900 0.00249 0.08803 0.00048 ( 1)
 188 I   0.15818 0.03692 0.78643 0.01848 ( 3)
 189 G   0.64249 0.27028 0.04284 0.04439 ( 1)
 190 Y   0.00001 0.66690 0.00005 0.33304 ( 2)
 191 K   0.14436 0.68260 0.02113 0.15191 ( 2)
 192 I   0.69035 0.16973 0.10174 0.03817 ( 1)
 193 K   0.90333 0.00605 0.08946 0.00115 ( 1)
 194 T   0.00009 0.67275 0.00035 0.32681 ( 2)
 195 L   0.89735 0.00436 0.09747 0.00082 ( 1)
 196 I   0.15751 0.04766 0.77140 0.02343 ( 3)
 197 R   0.00104 0.83711 0.00015 0.16170 ( 2)
 198 K   0.26192 0.59810 0.02594 0.11404 ( 2)
 199 Y   0.00574 0.01316 0.96384 0.01726 ( 3)
 200 I   0.87151 0.01359 0.11207 0.00283 ( 1)
 201 Q   0.00000 0.73445 0.00000 0.26555 ( 2)
 202 R   0.00055 0.70015 0.00321 0.29610 ( 2)
 203 Q   0.70696 0.14946 0.11439 0.02919 ( 1)
 204 E   0.87900 0.00876 0.11039 0.00186 ( 1)
 205 T   0.92365 0.00081 0.07540 0.00014 ( 1)
 206 I   0.85559 0.01496 0.12609 0.00336 ( 1)
 207 N   0.18710 0.01218 0.79467 0.00605 ( 3)
 208 L   0.13140 0.08629 0.73746 0.04485 ( 3)
 209 V   0.94848 0.00606 0.04470 0.00076 ( 1)
 210 V   0.86377 0.01017 0.12385 0.00221 ( 1)
 211 V   0.91682 0.00088 0.08214 0.00016 ( 1)
 212 P   0.92030 0.00077 0.07880 0.00013 ( 1)
 213 S   0.01016 0.86786 0.00065 0.12133 ( 2)
 214 N   0.94440 0.00026 0.05530 0.00004 ( 1)
 215 V   0.86119 0.01258 0.12349 0.00274 ( 1)
 216 D   0.91834 0.00249 0.07873 0.00043 ( 1)
 217 I   0.87546 0.00997 0.11249 0.00207 ( 1)
 218 A   0.91951 0.00299 0.07699 0.00050 ( 1)
 219 T   0.92351 0.00093 0.07540 0.00016 ( 1)
 220 T   0.92313 0.00123 0.07543 0.00021 ( 1)
 221 E   0.87342 0.00899 0.11557 0.00202 ( 1)
 222 A   0.95268 0.00024 0.04705 0.00003 ( 1)
 223 L   0.74478 0.06983 0.16627 0.01912 ( 1)
 224 S   0.00081 0.83331 0.00024 0.16564 ( 2)
 225 M   0.96309 0.00007 0.03683 0.00001 ( 1)
 226 A   0.87863 0.00709 0.11280 0.00148 ( 1)
 227 Q   0.89222 0.01137 0.09429 0.00212 ( 1)
 228 E   0.75992 0.11932 0.09543 0.02532 ( 1)
 229 V   0.86119 0.01258 0.12349 0.00274 ( 1)
 230 D   0.90900 0.00250 0.08803 0.00048 ( 1)
 231 P   0.92555 0.00117 0.07309 0.00019 ( 1)
 232 E   0.00006 0.66468 0.00052 0.33474 ( 2)
 233 G   0.93712 0.00066 0.06212 0.00010 ( 1)
 234 D   0.80416 0.04214 0.14469 0.00901 ( 1)
 235 R   0.95548 0.00024 0.04425 0.00003 ( 1)
 236 T   0.93170 0.00085 0.06731 0.00014 ( 1)
 237 I   0.81405 0.04993 0.12662 0.00940 ( 1)
 238 G   0.94299 0.00057 0.05636 0.00008 ( 1)
 239 I   0.08432 0.41554 0.32729 0.17285 ( 2)
 240 L   0.89380 0.01838 0.08450 0.00332 ( 1)
 241 T   0.93392 0.00084 0.06511 0.00013 ( 1)
 242 K   0.90333 0.00605 0.08946 0.00115 ( 1)
 243 P   0.91668 0.00149 0.08157 0.00026 ( 1)
 244 D   0.91019 0.00204 0.08738 0.00039 ( 1)
 245 L   0.78770 0.06412 0.13287 0.01531 ( 1)
 246 V   0.86119 0.01258 0.12349 0.00274 ( 1)
 247 D   0.29372 0.01283 0.68926 0.00420 ( 3)
 248 K   0.00052 0.42670 0.10337 0.46942 ( 4)
 249 G   0.93720 0.00061 0.06209 0.00009 ( 1)
 250 T   0.93638 0.00970 0.05252 0.00140 ( 1)
 251 E   0.88065 0.00841 0.10917 0.00177 ( 1)
 252 D   0.04837 0.77621 0.00854 0.16689 ( 2)
 253 K   0.00404 0.13629 0.70104 0.15863 ( 3)
 254 V   0.22620 0.11626 0.60976 0.04778 ( 3)
 255 V   0.00891 0.56277 0.14606 0.28226 ( 2)
 256 D   0.00550 0.08262 0.84530 0.06658 ( 3)
 257 V   0.70678 0.13711 0.13341 0.02271 ( 1)
 258 V   0.00216 0.75657 0.00423 0.23704 ( 2)
 259 R   0.54570 0.29195 0.10690 0.05545 ( 1)
 260 N   0.94633 0.00010 0.05356 0.00001 ( 1)
 261 L   0.11084 0.69174 0.03971 0.15772 ( 2)
 262 V   0.93858 0.00197 0.05916 0.00029 ( 1)
 263 F   0.00122 0.81012 0.00027 0.18839 ( 2)
 264 H   0.72968 0.15165 0.09391 0.02476 ( 1)
 265 L   0.87301 0.03847 0.08177 0.00675 ( 1)
 266 K   0.82387 0.05101 0.11649 0.00863 ( 1)
 267 K   0.90333 0.00605 0.08946 0.00115 ( 1)
 268 G   0.93938 0.00078 0.05973 0.00012 ( 1)
 269 Y   0.91064 0.00254 0.08637 0.00045 ( 1)
 270 M   0.96309 0.00007 0.03683 0.00001 ( 1)
 271 I   0.19970 0.05115 0.72968 0.01947 ( 3)
 272 V   0.87377 0.00113 0.12485 0.00025 ( 1)
 273 K   0.88973 0.00640 0.10254 0.00133 ( 1)
 274 C   0.94366 0.00054 0.05572 0.00007 ( 1)
 275 R   0.01625 0.00675 0.97252 0.00447 ( 3)
 276 G   0.94124 0.00062 0.05805 0.00010 ( 1)
 277 Q   0.89222 0.01137 0.09429 0.00212 ( 1)
 278 Q   0.01374 0.08182 0.82306 0.08137 ( 3)
 279 E   0.50958 0.37546 0.04746 0.06750 ( 1)
 280 I   0.13645 0.04770 0.79009 0.02576 ( 3)
 281 Q   0.00115 0.52309 0.10161 0.37415 ( 2)
 282 D   0.00896 0.88512 0.00069 0.10523 ( 2)
 283 Q   0.01145 0.62192 0.08888 0.27776 ( 2)
 284 L   0.03529 0.75786 0.00685 0.20000 ( 2)
 285 S   0.13286 0.07096 0.76379 0.03240 ( 3)
 286 L   0.15007 0.16200 0.61779 0.07014 ( 3)
 287 S   0.00188 0.72528 0.00545 0.26739 ( 2)
 288 E   0.00499 0.84563 0.00075 0.14864 ( 2)
 289 A   0.91061 0.00423 0.08441 0.00075 ( 1)
 290 L   0.06414 0.74636 0.01559 0.17390 ( 2)
 291 Q   0.18450 0.05997 0.73140 0.02413 ( 3)
 292 R   0.01803 0.80094 0.00349 0.17755 ( 2)
 293 E   0.87901 0.00875 0.11039 0.00186 ( 1)
 294 K   0.00226 0.85275 0.00029 0.14470 ( 2)
 295 I   0.00000 0.62019 0.00002 0.37979 ( 2)
 296 F   0.90951 0.00276 0.08723 0.00049 ( 1)
 297 F   0.88844 0.00557 0.10485 0.00114 ( 1)
 298 E   0.21348 0.62566 0.02738 0.13348 ( 2)
 299 D   0.00038 0.86797 0.00007 0.13158 ( 2)
 300 H   0.94313 0.00040 0.05642 0.00006 ( 1)
 301 P   0.00016 0.83195 0.00005 0.16785 ( 2)
 302 H   0.00027 0.57341 0.01900 0.40732 ( 2)
 303 F   0.90951 0.00276 0.08723 0.00049 ( 1)
 304 R   0.81261 0.08986 0.08302 0.01452 ( 1)
 305 D   0.00018 0.70986 0.00118 0.28878 ( 2)
 306 L   0.90631 0.00427 0.08863 0.00079 ( 1)
 307 L   0.75219 0.06272 0.16791 0.01718 ( 1)
 308 E   0.81941 0.07832 0.08856 0.01371 ( 1)
 309 E   0.08488 0.34384 0.39812 0.17316 ( 3)
 310 G   0.58627 0.14209 0.24682 0.02482 ( 1)
 311 K   0.25703 0.59121 0.03047 0.12129 ( 2)
 312 A   0.88179 0.00418 0.11316 0.00087 ( 1)
 313 T   0.94616 0.00072 0.05303 0.00010 ( 1)
 314 I   0.03794 0.77670 0.00947 0.17589 ( 2)
 315 P   0.91842 0.00076 0.08070 0.00013 ( 1)
 316 C   0.03369 0.84881 0.00671 0.11079 ( 2)
 317 L   0.74891 0.06587 0.16718 0.01804 ( 1)
 318 A   0.92138 0.00123 0.07719 0.00021 ( 1)
 319 E   0.00044 0.45372 0.09909 0.44675 ( 2)
 320 K   0.27071 0.57405 0.03647 0.11877 ( 2)
 321 L   0.88229 0.02764 0.08511 0.00496 ( 1)
 322 T   0.92356 0.00089 0.07541 0.00015 ( 1)
 323 S   0.00000 0.72404 0.00000 0.27596 ( 2)
 324 E   0.87992 0.00900 0.10918 0.00190 ( 1)
 325 L   0.90768 0.00301 0.08875 0.00055 ( 1)
 326 I   0.19073 0.63498 0.03238 0.14192 ( 2)
 327 A   0.00047 0.69857 0.00293 0.29803 ( 2)
 328 H   0.41096 0.00279 0.58555 0.00071 ( 3)
 329 I   0.87187 0.01326 0.11211 0.00276 ( 1)
 330 C   0.50032 0.29359 0.14144 0.06464 ( 1)
 331 K   0.90606 0.00360 0.08965 0.00069 ( 1)
 332 S   0.64086 0.26959 0.04983 0.03972 ( 1)
 333 L   0.82239 0.05436 0.11186 0.01139 ( 1)
 334 P   0.91201 0.00101 0.08680 0.00018 ( 1)
 335 L   0.00058 0.71262 0.00592 0.28088 ( 2)
 336 L   0.83463 0.05869 0.09707 0.00961 ( 1)
 337 E   0.87896 0.00870 0.11049 0.00185 ( 1)
 338 N   0.00956 0.13752 0.74467 0.10826 ( 3)
 339 Q   0.89974 0.00454 0.09488 0.00085 ( 1)
 340 I   0.31154 0.00705 0.67918 0.00223 ( 3)
 341 K   0.00195 0.78845 0.00424 0.20537 ( 2)
 342 E   0.00041 0.69542 0.00160 0.30257 ( 2)
 343 S   0.00000 0.70636 0.00001 0.29363 ( 2)
 344 H   0.76036 0.04326 0.18434 0.01204 ( 1)
 345 Q   0.74009 0.15314 0.07821 0.02855 ( 1)
 346 G   0.00000 0.68110 0.00001 0.31889 ( 2)
 347 I   0.00882 0.61039 0.06242 0.31837 ( 2)
 348 T   0.00046 0.35854 0.24753 0.39348 ( 4)
 349 E   0.04888 0.12267 0.76318 0.06526 ( 3)
 350 E   0.87993 0.00898 0.10919 0.00190 ( 1)
 351 L   0.89252 0.00924 0.09647 0.00177 ( 1)
 352 Q   0.89654 0.00746 0.09461 0.00139 ( 1)
 353 K   0.88753 0.00655 0.10458 0.00134 ( 1)
 354 Y   0.91012 0.00249 0.08695 0.00044 ( 1)
 355 G   0.10382 0.03631 0.84380 0.01607 ( 3)
 356 V   0.00000 0.71390 0.00000 0.28610 ( 2)
 357 D   0.15849 0.08996 0.71998 0.03156 ( 3)
 358 I   0.04992 0.80456 0.00735 0.13817 ( 2)
 359 P   0.27098 0.00677 0.71978 0.00248 ( 3)
 360 E   0.01777 0.48974 0.26864 0.22385 ( 2)
 361 D   0.00319 0.65846 0.04441 0.29394 ( 2)
 362 E   0.02967 0.21163 0.58686 0.17184 ( 3)
 363 N   0.00005 0.58891 0.00057 0.41047 ( 2)
 364 E   0.00070 0.69559 0.00268 0.30103 ( 2)
 365 K   0.83667 0.05199 0.10066 0.01068 ( 1)
 366 M   0.01133 0.02029 0.94869 0.01969 ( 3)
 367 F   0.00073 0.42285 0.17526 0.40116 ( 2)
 368 F   0.34557 0.52690 0.03320 0.09432 ( 2)
 369 L   0.87007 0.03897 0.08397 0.00699 ( 1)
 370 I   0.00110 0.33248 0.31309 0.35333 ( 4)
 371 D   0.01837 0.51546 0.16012 0.30605 ( 2)
 372 K   0.23305 0.59225 0.04550 0.12920 ( 2)
 373 I   0.09910 0.72346 0.01461 0.16283 ( 2)
 374 N   0.06464 0.75075 0.01985 0.16476 ( 2)
 375 A   0.00079 0.50111 0.05818 0.43992 ( 2)
 376 F   0.87984 0.00670 0.11208 0.00138 ( 1)
 377 N   0.92397 0.00115 0.07468 0.00019 ( 1)
 378 Q   0.00000 0.66880 0.00001 0.33119 ( 2)
 379 D   0.47457 0.40273 0.04558 0.07712 ( 1)
 380 I   0.16819 0.07583 0.72419 0.03179 ( 3)
 381 T   0.00000 0.85978 0.00000 0.14021 ( 2)
 382 A   0.00000 0.69612 0.00000 0.30387 ( 2)
 383 L   0.00002 0.47701 0.00843 0.51453 ( 4)
 384 I   0.09374 0.56502 0.17889 0.16236 ( 2)
 385 Q   0.00171 0.54075 0.10377 0.35377 ( 2)
 386 G   0.92021 0.01600 0.06133 0.00246 ( 1)
 387 E   0.08301 0.38496 0.35639 0.17565 ( 2)
 388 E   0.88059 0.00846 0.10916 0.00179 ( 1)
 389 T   0.00000 0.52362 0.00000 0.47638 ( 2)
 390 V   0.02300 0.57896 0.12954 0.26851 ( 2)
 391 G   0.00006 0.82260 0.00002 0.17732 ( 2)
 392 E   0.00210 0.86226 0.00022 0.13542 ( 2)
 393 D   0.00028 0.85897 0.00003 0.14071 ( 2)
 394 D   0.00787 0.81704 0.00110 0.17400 ( 2)
 395 S   0.00298 0.80972 0.00062 0.18669 ( 2)
 396 R   0.92557 0.00206 0.07203 0.00034 ( 1)
 397 L   0.80448 0.05233 0.13066 0.01253 ( 1)
 398 F   0.87909 0.00740 0.11199 0.00152 ( 1)
 399 T   0.07748 0.01997 0.89341 0.00914 ( 3)
 400 R   0.84649 0.05852 0.08381 0.01118 ( 1)
 401 L   0.00058 0.66313 0.00267 0.33362 ( 2)
 402 R   0.95752 0.00076 0.04163 0.00009 ( 1)
 403 R   0.00002 0.71777 0.00008 0.28214 ( 2)
 404 E   0.87339 0.00902 0.11557 0.00203 ( 1)
 405 F   0.88192 0.00475 0.11235 0.00098 ( 1)
 406 H   0.00002 0.70261 0.00013 0.29724 ( 2)
 407 K   0.02105 0.83373 0.00177 0.14345 ( 2)
 408 W   0.93314 0.00062 0.06615 0.00009 ( 1)
 409 G   0.00714 0.85719 0.00055 0.13511 ( 2)
 410 I   0.00002 0.71220 0.00006 0.28772 ( 2)
 411 I   0.00000 0.32964 0.00009 0.67027 ( 4)
 412 I   0.30638 0.54814 0.04527 0.10021 ( 2)
 413 E   0.11406 0.65136 0.04950 0.18508 ( 2)
 414 N   0.16200 0.66177 0.02453 0.15170 ( 2)
 415 N   0.00567 0.71577 0.01435 0.26421 ( 2)
 416 L   0.02033 0.56852 0.12849 0.28266 ( 2)
 417 Q   0.00008 0.83601 0.00002 0.16390 ( 2)
 418 E   0.04152 0.78914 0.00471 0.16463 ( 2)
 419 -   0.43029 0.31120 0.15001 0.10849 ( 1)
 420 -   0.43029 0.31120 0.15001 0.10849 ( 1)
 421 G   0.72742 0.19115 0.05503 0.02640 ( 1)
 422 H   0.00002 0.66293 0.00019 0.33687 ( 2)
 423 K   0.00000 0.69447 0.00001 0.30553 ( 2)
 424 I   0.00001 0.65011 0.00012 0.34976 ( 2)
 425 T   0.00003 0.75916 0.00007 0.24074 ( 2)
 426 S   0.00000 0.53324 0.00001 0.46676 ( 2)
 427 R   0.33038 0.56163 0.02260 0.08539 ( 2)
 428 K   0.00628 0.83185 0.00069 0.16118 ( 2)
 429 M   0.16185 0.32153 0.38600 0.13062 ( 3)
 430 Q   0.00000 0.45834 0.00003 0.54164 ( 4)
 431 K   0.01603 0.82483 0.00159 0.15755 ( 2)
 432 F   0.76403 0.11456 0.10068 0.02074 ( 1)
 433 E   0.88077 0.00829 0.10918 0.00175 ( 1)
 434 N   0.58133 0.27376 0.09448 0.05043 ( 1)
 435 Q   0.01291 0.80567 0.00189 0.17953 ( 2)
 436 Y   0.91018 0.00244 0.08695 0.00043 ( 1)
 437 R   0.96201 0.00015 0.03782 0.00002 ( 1)
 438 G   0.93723 0.00071 0.06195 0.00011 ( 1)
 439 R   0.91972 0.00180 0.07817 0.00031 ( 1)
 440 E   0.75748 0.12159 0.09513 0.02580 ( 1)
 441 L   0.52927 0.22874 0.19034 0.05165 ( 1)
 442 P   0.91939 0.00153 0.07882 0.00026 ( 1)
 443 G   0.27093 0.00391 0.72372 0.00144 ( 3)
 444 F   0.88586 0.00739 0.10523 0.00152 ( 1)
 445 V   0.61202 0.13808 0.21779 0.03211 ( 1)
 446 N   0.32229 0.12656 0.51330 0.03785 ( 3)
 447 Y   0.91005 0.00255 0.08695 0.00045 ( 1)
 448 R   0.04794 0.60085 0.14727 0.20394 ( 2)
 449 T   0.90652 0.02255 0.06734 0.00359 ( 1)
 450 F   0.87870 0.00777 0.11194 0.00160 ( 1)
 451 E   0.87874 0.00898 0.11037 0.00191 ( 1)
 452 T   0.00023 0.84107 0.00004 0.15865 ( 2)
 453 I   0.87255 0.01264 0.11218 0.00263 ( 1)
 454 V   0.89516 0.03492 0.06441 0.00551 ( 1)
 455 K   0.90566 0.00396 0.08962 0.00076 ( 1)
 456 Q   0.02044 0.80026 0.00480 0.17449 ( 2)
 457 Q   0.29337 0.56941 0.03094 0.10627 ( 2)
 458 I   0.22385 0.60477 0.03575 0.13563 ( 2)
 459 K   0.00000 0.48228 0.00065 0.51707 ( 4)
 460 A   0.00010 0.51518 0.01618 0.46854 ( 2)
 461 L   0.79256 0.05987 0.13323 0.01434 ( 1)
 462 E   0.87896 0.00870 0.11049 0.00185 ( 1)
 463 E   0.87884 0.00890 0.11037 0.00189 ( 1)
 464 P   0.89889 0.02053 0.07705 0.00352 ( 1)
 465 A   0.87764 0.00801 0.11268 0.00167 ( 1)
 466 V   0.11574 0.47049 0.24090 0.17287 ( 2)
 467 N   0.00290 0.72556 0.00775 0.26379 ( 2)
 468 M   0.39846 0.00123 0.59996 0.00035 ( 3)
 469 L   0.75755 0.05757 0.16910 0.01577 ( 1)
 470 H   0.83545 0.09749 0.05550 0.01156 ( 1)
 471 T   0.08074 0.40960 0.36397 0.14570 ( 2)
 472 V   0.73305 0.13294 0.10503 0.02898 ( 1)
 473 T   0.78858 0.01398 0.19423 0.00321 ( 1)
 474 D   0.00000 0.47505 0.00141 0.52353 ( 4)
 475 M   0.19003 0.31964 0.35947 0.13086 ( 3)
 476 V   0.94324 0.01025 0.04514 0.00137 ( 1)
 477 R   0.00087 0.81930 0.00021 0.17962 ( 2)
 478 L   0.00000 0.81604 0.00000 0.18396 ( 2)
 479 A   0.02642 0.79731 0.01233 0.16395 ( 2)
 480 F   0.88310 0.00364 0.11251 0.00075 ( 1)
 481 T   0.00001 0.78130 0.00001 0.21869 ( 2)
 482 D   0.00059 0.64424 0.00347 0.35170 ( 2)
 483 V   0.11827 0.69775 0.02462 0.15936 ( 2)
 484 S   0.02057 0.61438 0.12051 0.24453 ( 2)
 485 M   0.00000 0.89279 0.00000 0.10721 ( 2)
 486 K   0.00284 0.82668 0.00034 0.17014 ( 2)
 487 N   0.00761 0.77262 0.01720 0.20257 ( 2)
 488 F   0.87841 0.00803 0.11190 0.00165 ( 1)
 489 E   0.00023 0.82395 0.00004 0.17578 ( 2)
 490 E   0.36801 0.49138 0.05517 0.08543 ( 2)
 491 L   0.76501 0.11407 0.09745 0.02347 ( 1)
 492 F   0.00306 0.61865 0.02794 0.35036 ( 2)
 493 N   0.94633 0.00010 0.05356 0.00001 ( 1)
 494 L   0.90893 0.00720 0.08264 0.00124 ( 1)
 495 H   0.01323 0.85012 0.00130 0.13535 ( 2)
 496 R   0.00353 0.42185 0.27203 0.30260 ( 2)
 497 T   0.81351 0.01025 0.17407 0.00217 ( 1)
 498 A   0.39342 0.45988 0.05049 0.09621 ( 2)
