Supplemental results for CODEML (seqf: ../../../Mx_aln.phy  treef: ../../../Mx_branch_bird.tree)

I	J	ij	2Ns_IJ	pMut_IJ	pSub_IJ	2Ns_JI	pMut_JI	pSub_JI

TTC	TTT	CT	0.76773	0.03327	0.04766	-0.76773	0.07170	0.04766
TTA	TTT	AT	1.94641	0.00292	0.00662	-1.94641	0.02043	0.00662
TTA	TTC	AC	1.17868	0.00690	0.01175	-1.17868	0.02243	0.01175
TTG	TTT	GT	0.87679	0.00710	0.01065	-0.87679	0.01705	0.01065
TTG	TTC	GC	0.10906	0.01678	0.01772	-0.10906	0.01872	0.01772
TTG	TTA	GA	-1.06961	0.03996	0.02233	1.06961	0.01371	0.02233
TCT	TTT	CT	1.59245	0.01458	0.02916	-1.59245	0.07170	0.02916
TCC	TTC	CT	1.25963	0.02233	0.03928	-1.25963	0.07870	0.03928
TCC	TCT	CT	0.43490	0.02233	0.02754	-0.43490	0.03450	0.02754
TCA	TTA	CT	0.48292	0.01231	0.01552	-0.48292	0.01995	0.01552
TCA	TCT	AT	0.83687	0.00426	0.00628	-0.83687	0.00983	0.00628
TCA	TCC	AC	0.40197	0.01007	0.01223	-0.40197	0.01505	0.01223
TCG	TTG	CT	1.95960	0.00684	0.01559	-1.95960	0.04852	0.01559
TCG	TCT	GT	1.24394	0.00237	0.00413	-1.24394	0.00821	0.00413
TCG	TCC	GC	0.80903	0.00559	0.00816	-0.80903	0.01256	0.00816
TCG	TCA	GA	0.40706	0.01332	0.01621	-0.40706	0.02001	0.01621
TAT	TTT	AT	1.32322	0.00544	0.00981	-1.32322	0.02043	0.00981
TAT	TCT	AC	-0.26924	0.01287	0.01121	0.26924	0.00983	0.01121
TAC	TTC	AT	0.89699	0.00915	0.01385	-0.89699	0.02243	0.01385
TAC	TCC	AC	-0.36264	0.02163	0.01795	0.36264	0.01505	0.01795
TAC	TAT	CT	0.34150	0.02643	0.03120	-0.34150	0.03720	0.03120
TGT	TTT	GT	1.82125	0.00276	0.00600	-1.82125	0.01705	0.00600
TGT	TCT	GC	0.22880	0.00653	0.00730	-0.22880	0.00821	0.00730
TGT	TAT	GA	0.49804	0.01554	0.01973	-0.49804	0.02557	0.01973
TGC	TTC	GT	1.20718	0.00560	0.00964	-1.20718	0.01872	0.00964
TGC	TCC	GC	-0.05245	0.01324	0.01290	0.05245	0.01256	0.01290
TGC	TAC	GA	0.31019	0.03152	0.03667	-0.31019	0.04299	0.03667
TGC	TGT	CT	0.15366	0.01618	0.01745	-0.15366	0.01887	0.01745
TGG	TTG	GT	1.22486	0.00339	0.00588	-1.22486	0.01154	0.00588
TGG	TCG	GC	-0.73474	0.00802	0.00543	0.73474	0.00385	0.00543
TGG	TGT	GT	0.28040	0.00339	0.00389	-0.28040	0.00449	0.00389
TGG	TGC	GC	0.12674	0.00802	0.00854	-0.12674	0.00910	0.00854
CTT	TTT	CT	1.18699	0.02188	0.03737	-1.18699	0.07170	0.03737
CTC	TTC	CT	1.03241	0.02803	0.04495	-1.03241	0.07870	0.04495
CTC	CTT	CT	0.61315	0.02803	0.03750	-0.61315	0.05175	0.03750
CTA	TTA	CT	0.58009	0.01117	0.01472	-0.58009	0.01995	0.01472
CTA	CTT	AT	1.33950	0.00386	0.00701	-1.33950	0.01475	0.00701
CTA	CTC	AC	0.72635	0.00914	0.01285	-0.72635	0.01889	0.01285
CTG	TTG	CT	-0.66507	0.09434	0.06642	0.66507	0.04852	0.06642
CTG	CTT	GT	-0.97527	0.03264	0.01927	0.97527	0.01231	0.01927
CTG	CTC	GC	-1.58842	0.07721	0.03148	1.58842	0.01577	0.03148
CTG	CTA	GA	-2.31477	0.18382	0.04664	2.31477	0.01816	0.04664
CCT	TCT	CT	0.52006	0.02051	0.02630	-0.52006	0.03450	0.02630
CCT	CTT	CT	0.92553	0.02051	0.03144	-0.92553	0.05175	0.03144
CCC	TCC	CT	1.07651	0.01800	0.02940	-1.07651	0.05283	0.02940
CCC	CTC	CT	1.30372	0.01800	0.03222	-1.30372	0.06630	0.03222
CCC	CCT	CT	0.99135	0.01800	0.02838	-0.99135	0.04852	0.02838
CCA	TCA	CT	0.58729	0.01618	0.02139	-0.58729	0.02911	0.02139
CCA	CTA	CT	0.49013	0.01618	0.02047	-0.49013	0.02641	0.02047
CCA	CCT	AT	0.90410	0.00560	0.00850	-0.90410	0.01382	0.00850
CCA	CCC	AC	-0.08725	0.01324	0.01267	0.08725	0.01213	0.01267
CCG	TCG	CT	1.17114	0.00501	0.00851	-1.17114	0.01617	0.00851
CCG	CTG	CT	3.79581	0.00501	0.01947	-3.79581	0.22317	0.01947
CCG	CCT	GT	1.89502	0.00173	0.00387	-1.89502	0.01154	0.00387
CCG	CCC	GC	0.90367	0.00410	0.00623	-0.90367	0.01013	0.00623
CCG	CCA	GA	0.99092	0.00977	0.01539	-0.99092	0.02631	0.01539
CAT	TAT	CT	1.08776	0.01253	0.02056	-1.08776	0.03720	0.02056
CAT	CTT	AT	1.22399	0.00434	0.00752	-1.22399	0.01475	0.00752
CAT	CCT	AC	0.29846	0.01026	0.01186	-0.29846	0.01382	0.01186
CAC	TAC	CT	0.81879	0.02757	0.04039	-0.81879	0.06253	0.04039
CAC	CTC	AT	0.68337	0.00954	0.01317	-0.68337	0.01889	0.01317
CAC	CCC	AC	-0.62036	0.02257	0.01628	0.62036	0.01213	0.01628
CAC	CAT	CT	0.07253	0.02757	0.02859	-0.07253	0.02965	0.02859
CAA	CTA	AT	-0.26952	0.00985	0.00859	0.26952	0.00753	0.00859
CAA	CCA	AC	-0.75965	0.02331	0.01557	0.75965	0.01091	0.01557
CAA	CAT	AT	-0.15401	0.00985	0.00912	0.15401	0.00845	0.00912
CAA	CAC	AC	-0.22654	0.02331	0.02077	0.22654	0.01859	0.02077
CAG	CTG	AT	0.80674	0.02838	0.04135	-0.80674	0.06359	0.04135
CAG	CCG	AC	-2.98908	0.06714	0.01064	2.98908	0.00338	0.01064
CAG	CAT	GT	-1.39252	0.02838	0.01307	1.39252	0.00705	0.01307
CAG	CAC	GC	-1.46505	0.06714	0.02956	1.46505	0.01551	0.02956
CAG	CAA	GA	-1.23851	0.15984	0.08079	1.23851	0.04632	0.08079
CGT	TGT	CT	1.32529	0.00501	0.00905	-1.32529	0.01887	0.00905
CGT	CTT	GT	1.95956	0.00173	0.00396	-1.95956	0.01231	0.00396
CGT	CCT	GC	1.03403	0.00410	0.00658	-1.03403	0.01154	0.00658
CGT	CAT	GA	0.73557	0.00977	0.01380	-0.73557	0.02038	0.01380
CGC	TGC	CT	1.25247	0.01094	0.01918	-1.25247	0.03827	0.01918
CGC	CTC	GT	1.42724	0.00378	0.00711	-1.42724	0.01577	0.00711
CGC	CCC	GC	0.12351	0.00895	0.00952	-0.12351	0.01013	0.00952
CGC	CAC	GA	0.74387	0.02131	0.03021	-0.74387	0.04484	0.03021
CGC	CGT	CT	0.08083	0.01094	0.01139	-0.08083	0.01186	0.01139
CGA	CTA	GT	0.88157	0.00260	0.00391	-0.88157	0.00628	0.00391
CGA	CCA	GC	0.39144	0.00615	0.00744	-0.39144	0.00910	0.00744
CGA	CAA	GA	1.15108	0.01465	0.02467	-1.15108	0.04632	0.02467
CGA	CGT	AT	0.26151	0.00260	0.00296	-0.26151	0.00338	0.00296
CGA	CGC	AC	0.18068	0.00615	0.00673	-0.18068	0.00737	0.00673
CGG	TGG	CT	-0.05994	0.02461	0.02388	0.05994	0.02318	0.02388
CGG	CTG	GT	1.82999	0.00851	0.01856	-1.82999	0.05308	0.01856
CGG	CCG	GC	-1.96582	0.02014	0.00645	1.96582	0.00282	0.00645
CGG	CAG	GA	1.02325	0.04795	0.07660	-1.02325	0.13341	0.07660
CGG	CGT	GT	-1.10484	0.00851	0.00466	1.10484	0.00282	0.00466
CGG	CGC	GC	-1.18567	0.02014	0.01051	1.18567	0.00615	0.01051
CGG	CGA	GA	-1.36635	0.04795	0.02243	1.36635	0.01223	0.02243
ATT	TTT	AT	0.43933	0.01317	0.01627	-0.43933	0.02043	0.01627
ATT	CTT	AC	-0.74766	0.03114	0.02094	0.74766	0.01475	0.02094
ATC	TTC	AT	-0.16653	0.02649	0.02434	0.16653	0.02243	0.02434
ATC	CTC	AC	-1.19894	0.06266	0.03243	1.19894	0.01889	0.03243
ATC	ATT	CT	0.16187	0.07657	0.08293	-0.16187	0.09002	0.08293
ATA	TTA	AT	-0.41346	0.00859	0.00694	0.41346	0.00568	0.00694
ATA	CTA	AC	-0.99354	0.02033	0.01187	0.99354	0.00753	0.01187
ATA	ATT	AT	1.09362	0.00859	0.01413	-1.09362	0.02565	0.01413
ATA	ATC	AC	0.93175	0.02033	0.03125	-0.93175	0.05161	0.03125
ATG	TTG	AT	0.26894	0.01056	0.01205	-0.26894	0.01382	0.01205
ATG	CTG	AC	0.93401	0.02499	0.03845	-0.93401	0.06359	0.03845
ATG	ATT	GT	0.70641	0.01056	0.01473	-0.70641	0.02141	0.01473
ATG	ATC	GC	0.54454	0.02499	0.03241	-0.54454	0.04308	0.03241
ATG	ATA	GA	-0.38721	0.05950	0.04872	0.38721	0.04039	0.04872
ACT	TCT	AT	0.45641	0.00623	0.00776	-0.45641	0.00983	0.00776
ACT	CCT	AC	-0.06365	0.01473	0.01427	0.06365	0.01382	0.01427
ACT	ATT	CT	1.60953	0.01800	0.03622	-1.60953	0.09002	0.03622
ACC	TCC	AT	0.33929	0.01072	0.01264	-0.33929	0.01505	0.01264
ACC	CCC	AC	-0.73722	0.02536	0.01715	0.73722	0.01213	0.01715
ACC	ATC	CT	1.76544	0.03099	0.06601	-1.76544	0.18113	0.06601
ACC	ACT	CT	0.31778	0.03099	0.03618	-0.31778	0.04259	0.03618
ACA	TCA	AT	-0.03539	0.00859	0.00844	0.03539	0.00829	0.00844
ACA	CCA	AC	-0.62268	0.02033	0.01465	0.62268	0.01091	0.01465
ACA	ATA	CT	0.86099	0.02484	0.03705	-0.86099	0.05876	0.03705
ACA	ACT	AT	0.34507	0.00859	0.01016	-0.34507	0.01213	0.01016
ACA	ACC	AC	0.02729	0.02033	0.02061	-0.02729	0.02089	0.02061
ACG	TCG	AT	0.19697	0.00378	0.00417	-0.19697	0.00461	0.00417
ACG	CCG	AC	-0.97417	0.00895	0.00529	0.97417	0.00338	0.00529
ACG	ATG	CT	1.88763	0.01094	0.02433	-1.88763	0.07223	0.02433
ACG	ACT	GT	0.98450	0.00378	0.00595	-0.98450	0.01013	0.00595
ACG	ACC	GC	0.66672	0.00895	0.01226	-0.66672	0.01744	0.01226
ACG	ACA	GA	0.63943	0.02131	0.02885	-0.63943	0.04039	0.02885
AAT	TAT	AT	-0.19879	0.01293	0.01169	0.19879	0.01060	0.01169
AAT	CAT	AC	-1.28655	0.03058	0.01502	1.28655	0.00845	0.01502
AAT	ATT	AT	0.68510	0.01293	0.01786	-0.68510	0.02565	0.01786
AAT	ACT	AC	-0.92443	0.03058	0.01860	0.92443	0.01213	0.01860
AAC	TAC	AT	0.64144	0.00938	0.01271	-0.64144	0.01782	0.01271
AAC	CAC	AC	-0.17735	0.02219	0.02028	0.17735	0.01859	0.02028
AAC	ATC	AT	1.70496	0.00938	0.01955	-1.70496	0.05161	0.01955
AAC	ACC	AC	-0.06048	0.02219	0.02153	0.06048	0.02089	0.02153
AAC	AAT	CT	1.18173	0.02712	0.04623	-1.18173	0.08841	0.04623
AAA	CAA	AC	-0.95295	0.04979	0.02978	0.95295	0.01920	0.02978
AAA	ATA	AT	-0.22893	0.02105	0.01873	0.22893	0.01674	0.01873
AAA	ACA	AC	-1.08991	0.04979	0.02749	1.08991	0.01674	0.02749
AAA	AAT	AT	0.17959	0.02105	0.02300	-0.17959	0.02519	0.02300
AAA	AAC	AC	-1.00214	0.04979	0.02894	1.00214	0.01828	0.02894
AAG	CAG	AC	-0.22411	0.06919	0.06172	0.22411	0.05530	0.06172
AAG	ATG	AT	-0.35139	0.02925	0.02441	0.35139	0.02058	0.02441
AAG	ACG	AC	-2.23901	0.06919	0.01848	2.23901	0.00737	0.01848
AAG	AAT	GT	-0.33008	0.02925	0.02469	0.33008	0.02103	0.02469
AAG	AAC	GC	-1.51181	0.06919	0.02959	1.51181	0.01526	0.02959
AAG	AAA	GA	-0.50968	0.16472	0.12630	0.50968	0.09895	0.12630
AGT	TGT	AT	-0.24359	0.00686	0.00606	0.24359	0.00538	0.00606
AGT	CGT	AC	-1.56888	0.01622	0.00670	1.56888	0.00338	0.00670
AGT	ATT	GT	1.13834	0.00686	0.01149	-1.13834	0.02141	0.01149
AGT	ACT	GC	-0.47120	0.01622	0.01270	0.47120	0.01013	0.01270
AGT	AAT	GA	0.45324	0.03863	0.04804	-0.45324	0.06078	0.04804
AGC	TGC	AT	-0.10078	0.01206	0.01146	0.10078	0.01091	0.01146
AGC	CGC	AC	-1.35325	0.02853	0.01345	1.35325	0.00737	0.01345
AGC	ATC	GT	1.27293	0.01206	0.02133	-1.27293	0.04308	0.02133
AGC	ACC	GC	-0.49252	0.02853	0.02208	0.49252	0.01744	0.02208
AGC	AAC	GA	-0.43204	0.06793	0.05431	0.43204	0.04410	0.05431
AGC	AGT	CT	0.29646	0.03487	0.04029	-0.29646	0.04690	0.04029
AGA	CGA	AC	-1.59535	0.02499	0.01014	1.59535	0.00507	0.01014
AGA	ATA	GT	0.27976	0.01056	0.01211	-0.27976	0.01397	0.01211
AGA	ACA	GC	-0.58123	0.02499	0.01843	0.58123	0.01397	0.01843
AGA	AAA	GA	0.50869	0.05950	0.07591	-0.50869	0.09895	0.07591
AGA	AGT	AT	0.23504	0.01056	0.01185	-0.23504	0.01336	0.01185
AGA	AGC	AC	-0.06142	0.02499	0.02423	0.06142	0.02350	0.02423
AGG	TGG	AT	0.00933	0.00654	0.00657	-0.00933	0.00660	0.00657
AGG	CGG	AC	0.06928	0.01548	0.01602	-0.06928	0.01659	0.01602
AGG	ATG	GT	0.96525	0.00654	0.01020	-0.96525	0.01718	0.01020
AGG	ACG	GC	-0.92237	0.01548	0.00942	0.92237	0.00615	0.00942
AGG	AAG	GA	1.31664	0.03685	0.06629	-1.31664	0.13749	0.06629
AGG	AGT	GT	0.53332	0.00654	0.00844	-0.53332	0.01115	0.00844
AGG	AGC	GC	0.23686	0.01548	0.01738	-0.23686	0.01962	0.01738
AGG	AGA	GA	0.29828	0.03685	0.04262	-0.29828	0.04966	0.04262
GTT	TTT	GT	1.26573	0.00481	0.00848	-1.26573	0.01705	0.00848
GTT	CTT	GC	0.07874	0.01138	0.01183	-0.07874	0.01231	0.01183
GTT	ATT	GA	0.82640	0.02708	0.03980	-0.82640	0.06189	0.03980
GTC	TTC	GT	0.63358	0.00993	0.01341	-0.63358	0.01872	0.01341
GTC	CTC	GC	-0.39883	0.02350	0.01912	0.39883	0.01577	0.01912
GTC	ATC	GA	0.80011	0.05594	0.08128	-0.80011	0.12452	0.08128
GTC	GTT	CT	0.13558	0.02871	0.03070	-0.13558	0.03288	0.03070
GTA	TTA	GT	0.33597	0.00339	0.00399	-0.33597	0.00474	0.00399
GTA	CTA	GC	-0.24412	0.00802	0.00708	0.24412	0.00628	0.00708
GTA	ATA	GA	0.74943	0.01909	0.02713	-0.74943	0.04039	0.02713
GTA	GTT	AT	1.01665	0.00339	0.00540	-1.01665	0.00937	0.00540
GTA	GTC	AC	0.88107	0.00802	0.01206	-0.88107	0.01935	0.01206
GTG	TTG	GT	-0.52737	0.01955	0.01485	0.52737	0.01154	0.01485
GTG	CTG	GC	0.13770	0.04625	0.04951	-0.13770	0.05308	0.04951
GTG	ATG	GA	-0.79631	0.11011	0.07203	0.79631	0.04966	0.07203
GTG	GTT	GT	-0.91630	0.01955	0.01194	0.91630	0.00782	0.01194
GTG	GTC	GC	-1.05188	0.04625	0.02611	1.05188	0.01615	0.02611
GTG	GTA	GA	-1.93295	0.11011	0.03601	1.93295	0.01594	0.03601
GCT	TCT	GT	-0.39829	0.01222	0.00995	0.39829	0.00821	0.00995
GCT	CCT	GC	-0.91835	0.02891	0.01764	0.91835	0.01154	0.01764
GCT	ACT	GA	-0.85470	0.06882	0.04355	0.85470	0.02928	0.04355
GCT	GTT	CT	-0.07156	0.03532	0.03407	0.07156	0.03288	0.03407
GCC	TCC	GT	-0.09926	0.01388	0.01320	0.09926	0.01256	0.01320
GCC	CCC	GC	-1.17577	0.03282	0.01722	1.17577	0.01013	0.01722
GCC	ACC	GA	-0.43855	0.07814	0.06226	0.43855	0.05040	0.06226
GCC	GTC	CT	0.52679	0.04011	0.05160	-0.52679	0.06792	0.05160
GCC	GCT	CT	0.73393	0.04011	0.05661	-0.73393	0.08355	0.05661
GCA	TCA	GT	-0.07864	0.00749	0.00720	0.07864	0.00692	0.00720
GCA	CCA	GC	-0.66593	0.01772	0.01247	0.66593	0.00910	0.01247
GCA	ACA	GA	-0.04325	0.04218	0.04127	0.04325	0.04039	0.04127
GCA	GTA	CT	0.06831	0.02165	0.02240	-0.06831	0.02318	0.02240
GCA	GCT	AT	1.15652	0.00749	0.01264	-1.15652	0.02381	0.01264
GCA	GCC	AC	0.42259	0.01772	0.02172	-0.42259	0.02703	0.02172
GCG	TCG	GT	0.79641	0.00173	0.00252	-0.79641	0.00385	0.00252
GCG	CCG	GC	-0.37474	0.00410	0.00338	0.37474	0.00282	0.00338
GCG	ACG	GA	0.59944	0.00977	0.01299	-0.59944	0.01779	0.01299
GCG	GTG	CT	3.28337	0.00501	0.01710	-3.28337	0.13369	0.01710
GCG	GCT	GT	2.43864	0.00173	0.00463	-2.43864	0.01987	0.00463
GCG	GCC	GC	1.70471	0.00410	0.00855	-1.70471	0.02256	0.00855
GCG	GCA	GA	1.28211	0.00977	0.01733	-1.28211	0.03521	0.01733
GAT	TAT	GT	-0.39163	0.01309	0.01069	0.39163	0.00885	0.01069
GAT	CAT	GC	-1.47939	0.03096	0.01351	1.47939	0.00705	0.01351
GAT	AAT	GA	-0.19284	0.07370	0.06683	0.19284	0.06078	0.06683
GAT	GTT	AT	-0.33414	0.01309	0.01102	0.33414	0.00937	0.01102
GAT	GCT	AC	-0.26258	0.03096	0.02707	0.26258	0.02381	0.02707
GAC	TAC	GT	-0.39495	0.02207	0.01800	0.39495	0.01487	0.01800
GAC	CAC	GC	-1.21373	0.05222	0.02679	1.21373	0.01551	0.02679
GAC	AAC	GA	-1.03639	0.12432	0.07083	1.03639	0.04410	0.07083
GAC	GTC	AT	-0.13153	0.02207	0.02065	0.13153	0.01935	0.02065
GAC	GCC	AC	-0.65832	0.05222	0.03690	0.65832	0.02703	0.03690
GAC	GAT	CT	0.33819	0.06381	0.07520	-0.33819	0.08948	0.07520
GAA	CAA	GC	-1.35156	0.06191	0.02922	1.35156	0.01603	0.02922
GAA	AAA	GA	-0.39861	0.14741	0.11998	0.39861	0.09895	0.11998
GAA	GTA	AT	-1.37696	0.02617	0.01216	1.37696	0.00660	0.01216
GAA	GCA	AC	-1.44527	0.06191	0.02759	1.44527	0.01459	0.02759
GAA	GAT	AT	-0.02617	0.02617	0.02583	0.02617	0.02550	0.02583
GAA	GAC	AC	-0.36436	0.06191	0.05132	0.36436	0.04301	0.05132
GAG	CAG	GC	-0.54775	0.07982	0.05994	0.54775	0.04615	0.05994
GAG	AAG	GA	-0.32364	0.19003	0.16094	0.32364	0.13749	0.16094
GAG	GTG	AT	0.12128	0.03374	0.03583	-0.12128	0.03809	0.03583
GAG	GCG	AC	-3.16209	0.07982	0.01116	3.16209	0.00338	0.01116
GAG	GAT	GT	-0.46088	0.03374	0.02656	0.46088	0.02128	0.02656
GAG	GAC	GC	-0.79907	0.07982	0.05213	0.79907	0.03590	0.05213
GAG	GAA	GA	-0.43471	0.19003	0.15171	0.43471	0.12304	0.15171
GGT	TGT	GT	-0.03594	0.00465	0.00457	0.03594	0.00449	0.00457
GGT	CGT	GC	-1.36123	0.01100	0.00516	1.36123	0.00282	0.00516
GGT	AGT	GA	0.20765	0.02620	0.02901	-0.20765	0.03224	0.02901
GGT	GTT	GT	0.51959	0.00465	0.00596	-0.51959	0.00782	0.00596
GGT	GCT	GC	0.59115	0.01100	0.01457	-0.59115	0.01987	0.01457
GGT	GAT	GA	0.85373	0.02620	0.03895	-0.85373	0.06152	0.03895
GGC	TGC	GT	-0.06325	0.00970	0.00939	0.06325	0.00910	0.00939
GGC	CGC	GC	-1.31572	0.02294	0.01107	1.31572	0.00615	0.01107
GGC	AGC	GA	0.03753	0.05461	0.05564	-0.03753	0.05670	0.05564
GGC	GTC	GT	0.51035	0.00970	0.01238	-0.51035	0.01615	0.01238
GGC	GCC	GC	-0.01644	0.02294	0.02275	0.01644	0.02256	0.02275
GGC	GAC	GA	0.64188	0.05461	0.07400	-0.64188	0.10377	0.07400
GGC	GGT	CT	0.12634	0.02803	0.02984	-0.12634	0.03180	0.02984
GGA	CGA	GC	-1.40002	0.01716	0.00786	1.40002	0.00423	0.00786
GGA	AGA	GA	0.19533	0.04085	0.04497	-0.19533	0.04966	0.04497
GGA	GTA	GT	-0.27434	0.00725	0.00630	0.27434	0.00551	0.00630
GGA	GCA	GC	-0.34265	0.01716	0.01439	0.34265	0.01218	0.01439
GGA	GAA	GA	1.10262	0.04085	0.06742	-1.10262	0.12304	0.06742
GGA	GGT	AT	0.22272	0.00725	0.00809	-0.22272	0.00906	0.00809
GGA	GGC	AC	0.09638	0.01716	0.01800	-0.09638	0.01889	0.01800
GGG	TGG	GT	-0.31690	0.00757	0.00643	0.31690	0.00551	0.00643
GGG	CGG	GC	-0.25695	0.01790	0.01570	0.25695	0.01385	0.01570
GGG	AGG	GA	-0.32623	0.04262	0.03605	0.32623	0.03076	0.03605
GGG	GTG	GT	1.43533	0.00757	0.01426	-1.43533	0.03179	0.01426
GGG	GCG	GC	-1.84804	0.01790	0.00619	1.84804	0.00282	0.00619
GGG	GAG	GA	1.31405	0.04262	0.07659	-1.31405	0.15861	0.07659
GGG	GGT	GT	-0.00056	0.00757	0.00757	0.00056	0.00756	0.00757
GGG	GGC	GC	-0.12690	0.01790	0.01679	0.12690	0.01577	0.01679
GGG	GGA	GA	-0.22328	0.04262	0.03804	0.22328	0.03409	0.03804


Histograms
2Ns	FMut	FSub(CodonUsage)	FSubw(after w)

-3.61506	0.01474	0.00150
-3.25355	0.01410	0.00217
-2.89205	0.00443	0.00082
-2.53054	0.00131	0.00036
-2.16904	0.01671	0.00501
-1.80753	0.04217	0.01705
-1.44602	0.08870	0.04712
-1.08452	0.13652	0.08803
-0.72301	0.12666	0.10021
-0.36151	0.17634	0.16937
0.00000	0.11766	0.13675
0.36151	0.12173	0.16937
0.72301	0.06127	0.10021
1.08452	0.04627	0.08803
1.44602	0.02179	0.04712
1.80753	0.00670	0.01705
2.16904	0.00169	0.00501
2.53054	0.00011	0.00036
2.89205	0.00022	0.00082
3.25355	0.00055	0.00217
3.61506	0.00033	0.00150

Proportion of advantageous (S > 0) mutations:
 0.31665

Proportions of good & bad mutations (|S| > 2.0000) among mutations:
0.00291  0.05128

mean |Ns| = 0.86700	mean Ns+ = 0.61417	mean Ns- = -0.98415


MLEs of dN/dS (w) for site classes (K=4)

site class             0        1       2a       2b
proportion       0.41258  0.28779  0.17651  0.12312
background w     0.05798  1.00000  0.05798  1.00000
foreground w     0.05798  1.00000  1.81175  1.81175

Naive Empirical Bayes (NEB) probabilities for 4 classes
(amino acids refer to 1st sequence: Rhesus_macaque_Mx)

   1 I   0.00106 0.66208 0.01659 0.32027 ( 2)
   2 V   0.00000 0.78620 0.00000 0.21380 ( 2)
   3 K   0.16354 0.62843 0.02177 0.18626 ( 2)
   4 A   0.00001 0.60958 0.00005 0.39036 ( 2)
   5 D   0.01155 0.79682 0.00127 0.19036 ( 2)
   6 P   0.00005 0.50671 0.02786 0.46538 ( 2)
   7 A   0.00001 0.64279 0.00104 0.35616 ( 2)
   8 A   0.00003 0.63308 0.00068 0.36621 ( 2)
   9 A   0.00171 0.65763 0.02909 0.31158 ( 2)
  10 S   0.00000 0.58548 0.00000 0.41451 ( 2)
  11 Q   0.05821 0.77535 0.00284 0.16360 ( 2)
  12 P   0.03484 0.63831 0.11336 0.21348 ( 2)
  13 L   0.00172 0.76115 0.00030 0.23683 ( 2)
  14 L   0.00536 0.74536 0.00380 0.24549 ( 2)
  15 L   0.11902 0.58010 0.11019 0.19070 ( 2)
  16 N   0.00247 0.76676 0.00633 0.22444 ( 2)
  17 G   0.00240 0.62310 0.03724 0.33725 ( 2)
  18 D   0.00000 0.66022 0.00002 0.33976 ( 2)
  19 A   0.00001 0.72355 0.00001 0.27643 ( 2)
  20 D   0.00014 0.66999 0.00212 0.32775 ( 2)
  21 V   0.00000 0.66933 0.00003 0.33064 ( 2)
  22 A   0.00091 0.67108 0.01076 0.31726 ( 2)
  23 Q   0.61830 0.23630 0.07811 0.06729 ( 1)
  24 K   0.08375 0.68561 0.01859 0.21205 ( 2)
  25 S   0.00000 0.48828 0.00001 0.51172 ( 4)
  26 P   0.00000 0.51039 0.00086 0.48875 ( 2)
  27 G   0.00002 0.54567 0.00160 0.45270 ( 2)
  28 S   0.00010 0.59710 0.01427 0.38853 ( 2)
  29 V   0.00033 0.78473 0.00020 0.21474 ( 2)
  30 A   0.00008 0.79861 0.00002 0.20129 ( 2)
  31 E   0.00040 0.65077 0.00187 0.34695 ( 2)
  32 N   0.00003 0.56025 0.01014 0.42959 ( 2)
  33 N   0.06274 0.05871 0.85041 0.02814 ( 3)
  34 L   0.82259 0.04554 0.11912 0.01275 ( 1)
  35 C   0.03054 0.24771 0.59376 0.12799 ( 3)
  36 S   0.62985 0.14749 0.18791 0.03474 ( 1)
  37 Q   0.71690 0.14411 0.09821 0.04078 ( 1)
  38 Y   0.91468 0.00227 0.08251 0.00054 ( 1)
  39 E   0.19874 0.03527 0.74880 0.01718 ( 3)
  40 E   0.00772 0.03039 0.93609 0.02580 ( 3)
  41 K   0.88735 0.00610 0.10488 0.00167 ( 1)
  42 V   0.40488 0.10245 0.45882 0.03385 ( 3)
  43 R   0.25315 0.00565 0.73861 0.00258 ( 3)
  44 P   0.91580 0.00080 0.08320 0.00020 ( 1)
  45 C   0.94282 0.00055 0.05651 0.00011 ( 1)
  46 I   0.87144 0.01098 0.11456 0.00303 ( 1)
  47 D   0.92179 0.00233 0.07531 0.00057 ( 1)
  48 L   0.91213 0.00268 0.08453 0.00067 ( 1)
  49 I   0.21350 0.05469 0.70803 0.02378 ( 3)
  50 D   0.91529 0.00232 0.08182 0.00057 ( 1)
  51 S   0.03449 0.69424 0.07680 0.19447 ( 2)
  52 L   0.73080 0.06408 0.18299 0.02212 ( 1)
  53 R   0.92903 0.00189 0.06862 0.00046 ( 1)
  54 A   0.00628 0.18932 0.63366 0.17073 ( 3)
  55 L   0.86976 0.03646 0.08479 0.00899 ( 1)
  56 G   0.22891 0.00347 0.76564 0.00197 ( 3)
  57 V   0.52111 0.11410 0.33546 0.02933 ( 1)
  58 E   0.20656 0.03812 0.73759 0.01773 ( 3)
  59 Q   0.05003 0.19253 0.67048 0.08696 ( 3)
  60 D   0.91529 0.00232 0.08182 0.00057 ( 1)
  61 L   0.72589 0.06864 0.18177 0.02369 ( 1)
  62 A   0.00080 0.02791 0.93825 0.03305 ( 3)
  63 L   0.81544 0.05210 0.11790 0.01456 ( 1)
  64 P   0.91591 0.00061 0.08333 0.00015 ( 1)
  65 A   0.92392 0.00269 0.07277 0.00062 ( 1)
  66 I   0.85583 0.01367 0.12652 0.00397 ( 1)
  67 A   0.92259 0.00378 0.07275 0.00087 ( 1)
  68 V   0.87225 0.00097 0.12650 0.00028 ( 1)
  69 I   0.87002 0.01210 0.11454 0.00334 ( 1)
  70 G   0.94283 0.00048 0.05659 0.00011 ( 1)
  71 D   0.91529 0.00232 0.08182 0.00057 ( 1)
  72 Q   0.17285 0.05354 0.74802 0.02559 ( 3)
  73 S   0.35298 0.00577 0.63918 0.00207 ( 3)
  74 S   0.93425 0.00225 0.06301 0.00049 ( 1)
  75 G   0.94878 0.00057 0.05053 0.00012 ( 1)
  76 K   0.90480 0.00569 0.08802 0.00149 ( 1)
  77 S   0.93420 0.00092 0.06469 0.00020 ( 1)
  78 S   0.92980 0.00102 0.06894 0.00023 ( 1)
  79 V   0.22452 0.06024 0.68615 0.02908 ( 3)
  80 L   0.87342 0.03367 0.08461 0.00829 ( 1)
  81 E   0.87830 0.00841 0.11090 0.00239 ( 1)
  82 A   0.89814 0.00252 0.09867 0.00067 ( 1)
  83 L   0.75239 0.06363 0.16278 0.02120 ( 1)
  84 S   0.93468 0.00196 0.06294 0.00043 ( 1)
  85 G   0.95113 0.00055 0.04820 0.00012 ( 1)
  86 V   0.95996 0.00053 0.03940 0.00011 ( 1)
  87 A   0.15364 0.02458 0.80821 0.01358 ( 3)
  88 L   0.90973 0.00294 0.08658 0.00074 ( 1)
  89 P   0.91580 0.00080 0.08320 0.00020 ( 1)
  90 R   0.96009 0.00072 0.03906 0.00014 ( 1)
  91 G   0.30142 0.00575 0.69040 0.00242 ( 3)
  92 S   0.07317 0.01730 0.90155 0.00797 ( 3)
  93 G   0.95117 0.00040 0.04835 0.00008 ( 1)
  94 I   0.18749 0.04033 0.75316 0.01902 ( 3)
  95 V   0.34310 0.00406 0.65109 0.00175 ( 3)
  96 T   0.95195 0.00079 0.04710 0.00016 ( 1)
  97 R   0.93791 0.00133 0.06046 0.00030 ( 1)
  98 C   0.94997 0.00041 0.04953 0.00008 ( 1)
  99 P   0.92913 0.00138 0.06917 0.00031 ( 1)
 100 L   0.75445 0.04212 0.18889 0.01454 ( 1)
 101 V   0.51209 0.15603 0.28341 0.04847 ( 1)
 102 L   0.86847 0.03759 0.08467 0.00927 ( 1)
 103 K   0.84660 0.05677 0.08180 0.01484 ( 1)
 104 L   0.75222 0.04430 0.18816 0.01532 ( 1)
 105 K   0.81006 0.08800 0.07891 0.02302 ( 1)
 106 K   0.82624 0.07440 0.07986 0.01950 ( 1)
 107 L   0.06822 0.14960 0.72249 0.05969 ( 3)
 108 V   0.00000 0.64769 0.00000 0.35231 ( 2)
 109 N   0.00001 0.66869 0.00021 0.33108 ( 2)
 110 -   0.41258 0.28779 0.17651 0.12312 ( 1)
 111 E   0.00152 0.63667 0.08814 0.27367 ( 2)
 112 D   0.00840 0.73500 0.00883 0.24777 ( 2)
 113 E   0.14084 0.65437 0.01784 0.18695 ( 2)
 114 W   0.93864 0.00062 0.06062 0.00012 ( 1)
 115 R   0.05584 0.71576 0.03059 0.19781 ( 2)
 116 G   0.94873 0.00066 0.05047 0.00014 ( 1)
 117 K   0.00801 0.01681 0.95980 0.01538 ( 3)
 118 V   0.63560 0.01204 0.34885 0.00350 ( 1)
 119 S   0.00003 0.64669 0.00109 0.35219 ( 2)
 120 Y   0.86424 0.04530 0.07957 0.01088 ( 1)
 121 Q   0.00000 0.83246 0.00000 0.16754 ( 2)
 122 D   0.74696 0.01852 0.23008 0.00444 ( 1)
 123 Y   0.00000 0.65741 0.00000 0.34259 ( 2)
 124 E   0.00050 0.05330 0.86865 0.07755 ( 3)
 125 I   0.00028 0.69647 0.00084 0.30242 ( 2)
 126 E   0.00535 0.03302 0.92937 0.03227 ( 3)
 127 I   0.00694 0.74783 0.00458 0.24065 ( 2)
 128 L   0.00088 0.74061 0.00264 0.25587 ( 2)
 129 D   0.03373 0.34862 0.45575 0.16189 ( 3)
 130 A   0.24815 0.59018 0.02139 0.14028 ( 2)
 131 S   0.88513 0.00590 0.10742 0.00155 ( 1)
 132 E   0.00711 0.77012 0.00091 0.22185 ( 2)
 133 V   0.86540 0.00534 0.12773 0.00152 ( 1)
 134 E   0.18249 0.03666 0.76228 0.01857 ( 3)
 135 K   0.00002 0.67808 0.00008 0.32182 ( 2)
 136 E   0.15069 0.62664 0.05678 0.16589 ( 2)
 137 I   0.78851 0.12742 0.05533 0.02874 ( 1)
 138 N   0.09639 0.55855 0.19559 0.14948 ( 2)
 139 K   0.01086 0.64586 0.03920 0.30408 ( 2)
 140 A   0.83841 0.06259 0.08318 0.01582 ( 1)
 141 Q   0.86378 0.01284 0.11974 0.00364 ( 1)
 142 N   0.10883 0.66637 0.05208 0.17272 ( 2)
 143 T   0.00000 0.67520 0.00001 0.32479 ( 2)
 144 I   0.52948 0.15333 0.26893 0.04826 ( 1)
 145 A   0.87745 0.00651 0.11425 0.00179 ( 1)
 146 G   0.94650 0.00046 0.05294 0.00010 ( 1)
 147 E   0.01937 0.73064 0.04865 0.20134 ( 2)
 148 G   0.01070 0.05494 0.90525 0.02911 ( 3)
 149 M   0.00000 0.78618 0.00000 0.21382 ( 2)
 150 G   0.00199 0.66817 0.04432 0.28552 ( 2)
 151 I   0.86951 0.01251 0.11453 0.00345 ( 1)
 152 S   0.94265 0.00062 0.05660 0.00013 ( 1)
 153 H   0.00096 0.78870 0.00060 0.20974 ( 2)
 154 E   0.16222 0.63578 0.02055 0.18145 ( 2)
 155 L   0.89384 0.00617 0.09838 0.00161 ( 1)
 156 I   0.87276 0.00997 0.11453 0.00275 ( 1)
 157 T   0.04931 0.62071 0.14691 0.18308 ( 2)
 158 L   0.85350 0.04012 0.09607 0.01031 ( 1)
 159 E   0.73941 0.13002 0.09358 0.03698 ( 1)
 160 I   0.43947 0.21639 0.27769 0.06645 ( 1)
 161 S   0.07957 0.03527 0.87069 0.01447 ( 3)
 162 S   0.92784 0.00150 0.07031 0.00034 ( 1)
 163 R   0.89060 0.02996 0.07236 0.00708 ( 1)
 164 D   0.00963 0.51239 0.20856 0.26942 ( 2)
 165 V   0.94597 0.00057 0.05334 0.00012 ( 1)
 166 P   0.92498 0.00080 0.07403 0.00019 ( 1)
 167 D   0.91533 0.00210 0.08205 0.00052 ( 1)
 168 L   0.72589 0.06864 0.18177 0.02369 ( 1)
 169 T   0.92880 0.00062 0.07042 0.00015 ( 1)
 170 L   0.87909 0.01860 0.09758 0.00473 ( 1)
 171 I   0.87978 0.00331 0.11599 0.00092 ( 1)
 172 D   0.92179 0.00233 0.07531 0.00057 ( 1)
 173 L   0.90913 0.00349 0.08649 0.00088 ( 1)
 174 P   0.91347 0.00238 0.08358 0.00058 ( 1)
 175 G   0.94274 0.00062 0.05650 0.00014 ( 1)
 176 I   0.87175 0.01052 0.11483 0.00290 ( 1)
 177 T   0.65595 0.01238 0.32831 0.00335 ( 1)
 178 R   0.93231 0.00046 0.06713 0.00011 ( 1)
 179 V   0.15541 0.02408 0.80745 0.01305 ( 3)
 180 A   0.90193 0.00662 0.08980 0.00166 ( 1)
 181 V   0.16756 0.04437 0.76870 0.01937 ( 3)
 182 G   0.30596 0.00845 0.68236 0.00323 ( 3)
 183 N   0.93387 0.01163 0.05194 0.00257 ( 1)
 184 Q   0.85295 0.01347 0.12968 0.00390 ( 1)
 185 P   0.92410 0.00165 0.07387 0.00039 ( 1)
 186 P   0.00000 0.75728 0.00000 0.24272 ( 2)
 187 D   0.91360 0.00234 0.08346 0.00060 ( 1)
 188 I   0.16628 0.03984 0.77290 0.02098 ( 3)
 189 G   0.60225 0.29539 0.03513 0.06723 ( 1)
 190 Y   0.00000 0.62658 0.00010 0.37331 ( 2)
 191 K   0.11744 0.66910 0.01813 0.19533 ( 2)
 192 I   0.66860 0.17670 0.10281 0.05189 ( 1)
 193 K   0.90480 0.00569 0.08802 0.00149 ( 1)
 194 T   0.00005 0.65364 0.00020 0.34611 ( 2)
 195 L   0.89689 0.00396 0.09813 0.00102 ( 1)
 196 I   0.16247 0.05088 0.76001 0.02664 ( 3)
 197 R   0.00065 0.78567 0.00015 0.21353 ( 2)
 198 K   0.22255 0.59850 0.02163 0.15733 ( 2)
 199 Y   0.00599 0.01711 0.95762 0.01929 ( 3)
 200 I   0.86890 0.01299 0.11453 0.00358 ( 1)
 201 Q   0.00000 0.67427 0.00001 0.32572 ( 2)
 202 R   0.00031 0.65861 0.00807 0.33301 ( 2)
 203 Q   0.54931 0.12410 0.29109 0.03549 ( 1)
 204 E   0.87750 0.00819 0.11199 0.00232 ( 1)
 205 T   0.92850 0.00076 0.07056 0.00018 ( 1)
 206 I   0.85070 0.01429 0.13081 0.00420 ( 1)
 207 N   0.21757 0.01498 0.75949 0.00796 ( 3)
 208 L   0.13337 0.08766 0.73086 0.04812 ( 3)
 209 V   0.95259 0.00575 0.04060 0.00106 ( 1)
 210 V   0.86005 0.00979 0.12738 0.00278 ( 1)
 211 V   0.91535 0.00080 0.08364 0.00020 ( 1)
 212 P   0.92546 0.00072 0.07364 0.00017 ( 1)
 213 S   0.00654 0.82050 0.00079 0.17216 ( 2)
 214 N   0.94934 0.00024 0.05037 0.00005 ( 1)
 215 V   0.85733 0.01217 0.12704 0.00346 ( 1)
 216 D   0.92179 0.00233 0.07531 0.00057 ( 1)
 217 I   0.87348 0.00942 0.11450 0.00260 ( 1)
 218 A   0.92371 0.00287 0.07276 0.00067 ( 1)
 219 T   0.92847 0.00087 0.07046 0.00021 ( 1)
 220 T   0.92772 0.00117 0.07084 0.00027 ( 1)
 221 E   0.87310 0.00844 0.11597 0.00249 ( 1)
 222 A   0.95475 0.00021 0.04500 0.00004 ( 1)
 223 L   0.72817 0.06652 0.18234 0.02296 ( 1)
 224 S   0.00043 0.76954 0.00098 0.22904 ( 2)
 225 M   0.97001 0.00007 0.02991 0.00001 ( 1)
 226 A   0.87696 0.00687 0.11427 0.00189 ( 1)
 227 Q   0.89188 0.01092 0.09445 0.00275 ( 1)
 228 E   0.74656 0.12323 0.09528 0.03494 ( 1)
 229 V   0.85733 0.01217 0.12704 0.00346 ( 1)
 230 D   0.91360 0.00235 0.08346 0.00060 ( 1)
 231 P   0.92845 0.00112 0.07017 0.00026 ( 1)
 232 E   0.00004 0.63784 0.00080 0.36133 ( 2)
 233 G   0.94254 0.00061 0.05671 0.00013 ( 1)
 234 D   0.58881 0.03290 0.36835 0.00994 ( 1)
 235 R   0.96122 0.00021 0.03852 0.00004 ( 1)
 236 T   0.93621 0.00080 0.06282 0.00018 ( 1)
 237 I   0.57147 0.03673 0.38130 0.01049 ( 1)
 238 G   0.94873 0.00053 0.05063 0.00011 ( 1)
 239 I   0.07435 0.42670 0.29853 0.20042 ( 2)
 240 L   0.88773 0.01742 0.09029 0.00456 ( 1)
 241 T   0.93808 0.00078 0.06096 0.00018 ( 1)
 242 K   0.90480 0.00569 0.08802 0.00149 ( 1)
 243 P   0.91994 0.00144 0.07828 0.00034 ( 1)
 244 D   0.91606 0.00188 0.08158 0.00048 ( 1)
 245 L   0.77071 0.06143 0.14867 0.01919 ( 1)
 246 V   0.85733 0.01217 0.12704 0.00346 ( 1)
 247 D   0.30433 0.01340 0.67707 0.00520 ( 3)
 248 K   0.00037 0.45690 0.08505 0.45767 ( 4)
 249 G   0.94268 0.00057 0.05662 0.00013 ( 1)
 250 T   0.94174 0.00973 0.04644 0.00208 ( 1)
 251 E   0.87925 0.00789 0.11064 0.00222 ( 1)
 252 D   0.03377 0.72655 0.01980 0.21989 ( 2)
 253 K   0.00163 0.07268 0.84556 0.08013 ( 3)
 254 V   0.20476 0.12623 0.60904 0.05996 ( 3)
 255 V   0.00588 0.51858 0.18012 0.29543 ( 2)
 256 D   0.00196 0.04129 0.92278 0.03397 ( 3)
 257 V   0.52111 0.11410 0.33546 0.02933 ( 1)
 258 V   0.00148 0.72392 0.00254 0.27206 ( 2)
 259 R   0.43884 0.28764 0.19772 0.07580 ( 1)
 260 N   0.95216 0.00008 0.04774 0.00002 ( 1)
 261 L   0.05439 0.41285 0.37918 0.15358 ( 2)
 262 V   0.94431 0.00178 0.05352 0.00038 ( 1)
 263 F   0.00077 0.74826 0.00070 0.25026 ( 2)
 264 H   0.59072 0.14121 0.23329 0.03478 ( 1)
 265 L   0.87235 0.03719 0.08151 0.00895 ( 1)
 266 K   0.65641 0.04495 0.28711 0.01153 ( 1)
 267 K   0.90480 0.00569 0.08802 0.00149 ( 1)
 268 G   0.94424 0.00072 0.05488 0.00016 ( 1)
 269 Y   0.91349 0.00244 0.08349 0.00058 ( 1)
 270 M   0.97001 0.00007 0.02991 0.00001 ( 1)
 271 I   0.16663 0.04846 0.76322 0.02168 ( 3)
 272 V   0.87217 0.00104 0.12649 0.00030 ( 1)
 273 K   0.89038 0.00604 0.10190 0.00167 ( 1)
 274 C   0.94965 0.00051 0.04974 0.00010 ( 1)
 275 R   0.02139 0.00933 0.96303 0.00625 ( 3)
 276 G   0.94825 0.00057 0.05106 0.00012 ( 1)
 277 Q   0.89188 0.01092 0.09445 0.00275 ( 1)
 278 Q   0.00922 0.06700 0.86341 0.06037 ( 3)
 279 E   0.45992 0.40035 0.04112 0.09861 ( 1)
 280 I   0.13991 0.05077 0.78078 0.02853 ( 3)
 281 Q   0.00067 0.45275 0.20958 0.33700 ( 2)
 282 D   0.00555 0.82992 0.00117 0.16336 ( 2)
 283 Q   0.00762 0.55428 0.14622 0.29188 ( 2)
 284 L   0.02743 0.72501 0.00593 0.24163 ( 2)
 285 S   0.04665 0.02804 0.91020 0.01510 ( 3)
 286 L   0.14551 0.16525 0.60969 0.07956 ( 3)
 287 S   0.00126 0.69974 0.00338 0.29561 ( 2)
 288 E   0.00325 0.75148 0.01008 0.23519 ( 2)
 289 A   0.91219 0.00406 0.08276 0.00099 ( 1)
 290 L   0.04862 0.67812 0.04525 0.22801 ( 2)
 291 Q   0.16573 0.06092 0.74547 0.02787 ( 3)
 292 R   0.01240 0.74132 0.00916 0.23712 ( 2)
 293 E   0.87751 0.00818 0.11199 0.00232 ( 1)
 294 K   0.00138 0.79247 0.00053 0.20561 ( 2)
 295 I   0.00000 0.57909 0.00006 0.42085 ( 2)
 296 F   0.91239 0.00259 0.08439 0.00063 ( 1)
 297 F   0.89178 0.00526 0.10155 0.00141 ( 1)
 298 E   0.17824 0.61896 0.02466 0.17814 ( 2)
 299 D   0.00020 0.79707 0.00040 0.20232 ( 2)
 300 H   0.94949 0.00037 0.05006 0.00008 ( 1)
 301 P   0.00008 0.76025 0.00026 0.23941 ( 2)
 302 H   0.00014 0.57459 0.01413 0.41114 ( 2)
 303 F   0.91239 0.00259 0.08439 0.00063 ( 1)
 304 R   0.69219 0.09127 0.19492 0.02162 ( 1)
 305 D   0.00011 0.66681 0.00173 0.33135 ( 2)
 306 L   0.90858 0.00398 0.08644 0.00101 ( 1)
 307 L   0.73569 0.05959 0.18414 0.02057 ( 1)
 308 E   0.64198 0.06631 0.27422 0.01749 ( 1)
 309 E   0.06992 0.34597 0.38972 0.19439 ( 3)
 310 G   0.19891 0.06158 0.72244 0.01708 ( 3)
 311 K   0.21628 0.59315 0.02601 0.16457 ( 2)
 312 A   0.88066 0.00399 0.11424 0.00111 ( 1)
 313 T   0.95211 0.00066 0.04709 0.00014 ( 1)
 314 I   0.02596 0.73425 0.01600 0.22378 ( 2)
 315 P   0.92260 0.00071 0.07651 0.00017 ( 1)
 316 C   0.01963 0.78654 0.02656 0.16728 ( 2)
 317 L   0.73239 0.06262 0.18336 0.02163 ( 1)
 318 A   0.92585 0.00116 0.07272 0.00027 ( 1)
 319 E   0.00026 0.42487 0.16820 0.40667 ( 2)
 320 K   0.22791 0.56995 0.03974 0.16240 ( 2)
 321 L   0.88254 0.02636 0.08464 0.00646 ( 1)
 322 T   0.92852 0.00082 0.07046 0.00020 ( 1)
 323 S   0.00000 0.68532 0.00000 0.31468 ( 2)
 324 E   0.87812 0.00845 0.11104 0.00240 ( 1)
 325 L   0.90988 0.00277 0.08665 0.00070 ( 1)
 326 I   0.13995 0.59348 0.07883 0.18774 ( 2)
 327 A   0.00027 0.66439 0.00425 0.33109 ( 2)
 328 H   0.45447 0.00303 0.54154 0.00096 ( 3)
 329 I   0.86928 0.01265 0.11457 0.00349 ( 1)
 330 C   0.16009 0.10635 0.69655 0.03702 ( 3)
 331 K   0.90810 0.00332 0.08770 0.00087 ( 1)
 332 S   0.55804 0.26535 0.11548 0.06113 ( 1)
 333 L   0.81544 0.05210 0.11790 0.01456 ( 1)
 334 P   0.91565 0.00096 0.08315 0.00024 ( 1)
 335 L   0.00034 0.64343 0.02566 0.33058 ( 2)
 336 L   0.66633 0.04789 0.27372 0.01207 ( 1)
 337 E   0.87705 0.00817 0.11245 0.00233 ( 1)
 338 N   0.00911 0.17484 0.68243 0.13362 ( 3)
 339 Q   0.90067 0.00426 0.09400 0.00107 ( 1)
 340 I   0.33398 0.00753 0.65565 0.00284 ( 3)
 341 K   0.00116 0.71369 0.01344 0.27171 ( 2)
 342 E   0.00028 0.67079 0.00109 0.32785 ( 2)
 343 S   0.00000 0.65212 0.00003 0.34786 ( 2)
 344 H   0.53518 0.03104 0.42187 0.01192 ( 1)
 345 Q   0.72189 0.16115 0.07645 0.04051 ( 1)
 346 G   0.00000 0.65184 0.00001 0.34815 ( 2)
 347 I   0.00667 0.57972 0.07308 0.34054 ( 2)
 348 T   0.00028 0.35698 0.27754 0.36520 ( 4)
 349 E   0.02834 0.08777 0.83206 0.05182 ( 3)
 350 E   0.87809 0.00843 0.11109 0.00239 ( 1)
 351 L   0.89182 0.00835 0.09765 0.00218 ( 1)
 352 Q   0.89709 0.00705 0.09409 0.00177 ( 1)
 353 K   0.88725 0.00618 0.10487 0.00170 ( 1)
 354 Y   0.91299 0.00239 0.08404 0.00057 ( 1)
 355 G   0.04192 0.01711 0.93195 0.00902 ( 3)
 356 V   0.00000 0.65296 0.00001 0.34703 ( 2)
 357 D   0.06296 0.04179 0.87702 0.01823 ( 3)
 358 I   0.03429 0.76069 0.01422 0.19080 ( 2)
 359 P   0.30990 0.00786 0.67899 0.00325 ( 3)
 360 E   0.00537 0.20621 0.67038 0.11803 ( 3)
 361 D   0.00166 0.54255 0.15176 0.30402 ( 2)
 362 E   0.03157 0.25136 0.52588 0.19119 ( 3)
 363 N   0.00003 0.58695 0.00035 0.41267 ( 2)
 364 E   0.00046 0.66874 0.00186 0.32894 ( 2)
 365 K   0.82670 0.05368 0.10465 0.01497 ( 1)
 366 M   0.01420 0.03235 0.92451 0.02894 ( 3)
 367 F   0.00041 0.34919 0.31533 0.33507 ( 2)
 368 F   0.29802 0.54218 0.02784 0.13196 ( 2)
 369 L   0.86930 0.03772 0.08376 0.00923 ( 1)
 370 I   0.00088 0.39685 0.23075 0.37152 ( 2)
 371 D   0.01575 0.53938 0.12040 0.32447 ( 2)
 372 K   0.10457 0.31746 0.46630 0.11167 ( 3)
 373 I   0.07914 0.70201 0.01217 0.20668 ( 2)
 374 N   0.04585 0.70912 0.02849 0.21654 ( 2)
 375 A   0.00049 0.51223 0.04621 0.44107 ( 2)
 376 F   0.87866 0.00639 0.11321 0.00174 ( 1)
 377 N   0.92901 0.00108 0.06965 0.00025 ( 1)
 378 Q   0.00000 0.65290 0.00001 0.34709 ( 2)
 379 D   0.42761 0.42492 0.03831 0.10916 ( 1)
 380 I   0.13666 0.07113 0.75787 0.03434 ( 3)
 381 T   0.00000 0.79454 0.00000 0.20546 ( 2)
 382 A   0.00000 0.64447 0.00000 0.35553 ( 2)
 383 L   0.00002 0.49016 0.01402 0.49581 ( 4)
 384 I   0.07791 0.58220 0.13578 0.20411 ( 2)
 385 Q   0.00090 0.46490 0.20001 0.33419 ( 2)
 386 G   0.92197 0.01663 0.05765 0.00375 ( 1)
 387 E   0.07494 0.39194 0.33240 0.20072 ( 2)
 388 E   0.87919 0.00794 0.11063 0.00224 ( 1)
 389 T   0.00000 0.52965 0.00000 0.47035 ( 2)
 390 V   0.01338 0.43192 0.31788 0.23682 ( 2)
 391 G   0.00003 0.75247 0.00004 0.24746 ( 2)
 392 E   0.00133 0.80387 0.00037 0.19444 ( 2)
 393 D   0.00015 0.80266 0.00005 0.19714 ( 2)
 394 D   0.00554 0.76650 0.00134 0.22662 ( 2)
 395 S   0.00188 0.75155 0.00159 0.24497 ( 2)
 396 R   0.92886 0.00191 0.06877 0.00046 ( 1)
 397 L   0.79727 0.05002 0.13726 0.01545 ( 1)
 398 F   0.87788 0.00708 0.11312 0.00192 ( 1)
 399 T   0.04655 0.01453 0.93148 0.00744 ( 3)
 400 R   0.84263 0.06009 0.08150 0.01579 ( 1)
 401 L   0.00041 0.65042 0.00164 0.34754 ( 2)
 402 R   0.96350 0.00071 0.03565 0.00013 ( 1)
 403 R   0.00001 0.67330 0.00014 0.32655 ( 2)
 404 E   0.87306 0.00847 0.11597 0.00250 ( 1)
 405 F   0.88079 0.00452 0.11346 0.00123 ( 1)
 406 H   0.00001 0.66862 0.00014 0.33123 ( 2)
 407 K   0.01608 0.78215 0.00144 0.20032 ( 2)
 408 W   0.93864 0.00062 0.06062 0.00012 ( 1)
 409 G   0.00434 0.79815 0.00096 0.19655 ( 2)
 410 I   0.00001 0.66191 0.00005 0.33802 ( 2)
 411 I   0.00000 0.39243 0.00006 0.60751 ( 4)
 412 I   0.22899 0.48541 0.14973 0.13588 ( 2)
 413 E   0.05481 0.37505 0.41080 0.15935 ( 3)
 414 N   0.14095 0.63492 0.02813 0.19600 ( 2)
 415 N   0.00389 0.69382 0.00903 0.29327 ( 2)
 416 L   0.01199 0.46912 0.24757 0.27131 ( 2)
 417 Q   0.00004 0.76154 0.00008 0.23835 ( 2)
 418 E   0.03039 0.75508 0.00340 0.21113 ( 2)
 419 -   0.41258 0.28779 0.17651 0.12312 ( 1)
 420 -   0.41258 0.28779 0.17651 0.12312 ( 1)
 421 G   0.60726 0.17854 0.17352 0.04067 ( 1)
 422 H   0.00001 0.61941 0.00087 0.37971 ( 2)
 423 K   0.00000 0.66344 0.00000 0.33656 ( 2)
 424 I   0.00000 0.62115 0.00020 0.37865 ( 2)
 425 T   0.00002 0.72517 0.00003 0.27478 ( 2)
 426 S   0.00000 0.54451 0.00000 0.45549 ( 2)
 427 R   0.28640 0.56323 0.02266 0.12771 ( 2)
 428 K   0.00449 0.77921 0.00070 0.21560 ( 2)
 429 M   0.16203 0.38747 0.27611 0.17439 ( 2)
 430 Q   0.00000 0.47744 0.00003 0.52253 ( 4)
 431 K   0.01151 0.78180 0.00111 0.20557 ( 2)
 432 F   0.55325 0.08916 0.33323 0.02437 ( 1)
 433 E   0.87938 0.00777 0.11065 0.00219 ( 1)
 434 N   0.47131 0.26845 0.18867 0.07157 ( 1)
 435 Q   0.00908 0.76605 0.00139 0.22348 ( 2)
 436 Y   0.91308 0.00233 0.08403 0.00056 ( 1)
 437 R   0.96894 0.00013 0.03090 0.00002 ( 1)
 438 G   0.94280 0.00066 0.05639 0.00015 ( 1)
 439 R   0.92274 0.00166 0.07519 0.00041 ( 1)
 440 E   0.74386 0.12557 0.09496 0.03562 ( 1)
 441 L   0.39464 0.18851 0.35661 0.06024 ( 1)
 442 P   0.92407 0.00148 0.07410 0.00035 ( 1)
 443 G   0.30173 0.00422 0.69220 0.00184 ( 3)
 444 F   0.88830 0.00709 0.10271 0.00190 ( 1)
 445 V   0.40488 0.10245 0.45882 0.03385 ( 3)
 446 N   0.34328 0.14385 0.45974 0.05314 ( 3)
 447 Y   0.91291 0.00244 0.08406 0.00059 ( 1)
 448 R   0.02892 0.46679 0.30354 0.20075 ( 2)
 449 T   0.90713 0.02375 0.06384 0.00529 ( 1)
 450 F   0.87748 0.00743 0.11307 0.00201 ( 1)
 451 E   0.87719 0.00842 0.11201 0.00239 ( 1)
 452 T   0.00014 0.77709 0.00008 0.22269 ( 2)
 453 I   0.87015 0.01201 0.11453 0.00331 ( 1)
 454 V   0.89588 0.03623 0.05981 0.00808 ( 1)
 455 K   0.90767 0.00367 0.08770 0.00096 ( 1)
 456 Q   0.01393 0.74660 0.00973 0.22974 ( 2)
 457 Q   0.25052 0.57783 0.02617 0.14547 ( 2)
 458 I   0.18475 0.59774 0.03970 0.17781 ( 2)
 459 K   0.00000 0.48119 0.00115 0.51766 ( 4)
 460 A   0.00006 0.50820 0.03366 0.45808 ( 2)
 461 L   0.78500 0.05712 0.14033 0.01756 ( 1)
 462 E   0.87705 0.00817 0.11245 0.00233 ( 1)
 463 E   0.87731 0.00833 0.11199 0.00236 ( 1)
 464 P   0.90051 0.02216 0.07212 0.00521 ( 1)
 465 A   0.87587 0.00777 0.11421 0.00214 ( 1)
 466 V   0.09310 0.47521 0.21913 0.21257 ( 2)
 467 N   0.00177 0.66580 0.01616 0.31627 ( 2)
 468 M   0.38294 0.00125 0.61536 0.00045 ( 3)
 469 L   0.74099 0.05467 0.18546 0.01888 ( 1)
 470 H   0.73326 0.09784 0.14963 0.01927 ( 1)
 471 T   0.03985 0.27467 0.56268 0.12281 ( 3)
 472 V   0.71446 0.14019 0.10536 0.03998 ( 1)
 473 T   0.58389 0.01092 0.40175 0.00345 ( 1)
 474 D   0.00000 0.48798 0.00224 0.50977 ( 4)
 475 M   0.16938 0.36792 0.29020 0.17250 ( 2)
 476 V   0.94864 0.01021 0.03911 0.00204 ( 1)
 477 R   0.00056 0.75756 0.00059 0.24130 ( 2)
 478 L   0.00000 0.73852 0.00000 0.26148 ( 2)
 479 A   0.01582 0.67052 0.08872 0.22494 ( 2)
 480 F   0.88204 0.00343 0.11359 0.00094 ( 1)
 481 T   0.00000 0.72155 0.00002 0.27843 ( 2)
 482 D   0.00043 0.62560 0.00313 0.37083 ( 2)
 483 V   0.08573 0.64460 0.06236 0.20731 ( 2)
 484 S   0.01307 0.52341 0.20985 0.25367 ( 2)
 485 M   0.00000 0.82395 0.00000 0.17605 ( 2)
 486 K   0.00181 0.77861 0.00023 0.21935 ( 2)
 487 N   0.00481 0.69811 0.04229 0.25478 ( 2)
 488 F   0.87719 0.00769 0.11304 0.00208 ( 1)
 489 E   0.00013 0.76694 0.00008 0.23285 ( 2)
 490 E   0.29507 0.45094 0.13478 0.11920 ( 2)
 491 L   0.75028 0.12042 0.09668 0.03262 ( 1)
 492 F   0.00204 0.52144 0.11165 0.36487 ( 2)
 493 N   0.95216 0.00008 0.04774 0.00002 ( 1)
 494 L   0.89994 0.00664 0.09167 0.00175 ( 1)
 495 H   0.00841 0.79550 0.00244 0.19365 ( 2)
 496 R   0.00287 0.47482 0.19125 0.33105 ( 2)
 497 T   0.63932 0.00865 0.34951 0.00252 ( 1)
 498 A   0.34117 0.48113 0.04428 0.13341 ( 2)
