MLEs of dN/dS (w) for site classes (K=3)

p:   0.54838  0.05026  0.40136
w:   0.08914  1.00000  1.00000


MLEs of dN/dS (w) for site classes (K=11)

p:   0.09420  0.09420  0.09420  0.09420  0.09420  0.09420  0.09420  0.09420  0.09420  0.09420  0.05801
w:   0.00087  0.01327  0.04677  0.10646  0.19501  0.31264  0.45669  0.62076  0.79283  0.94918  1.84114
