Supplemental results for CODEML (seqf: ../../../myxovirus.aln  treef: ../../../myxovirus_branch_chicken.tree)

I	J	ij	2Ns_IJ	pMut_IJ	pSub_IJ	2Ns_JI	pMut_JI	pSub_JI

TTC	TTT	CT	0.76791	0.03275	0.04691	-0.76791	0.07058	0.04691
TTA	TTT	AT	1.95267	0.00286	0.00651	-1.95267	0.02018	0.00651
TTA	TTC	AC	1.18476	0.00677	0.01156	-1.18476	0.02215	0.01156
TTG	TTT	GT	0.89554	0.00696	0.01054	-0.89554	0.01705	0.01054
TTG	TTC	GC	0.12763	0.01648	0.01755	-0.12763	0.01872	0.01755
TTG	TTA	GA	-1.05713	0.03958	0.02228	1.05713	0.01375	0.02228
TCT	TTT	CT	1.59263	0.01435	0.02870	-1.59263	0.07058	0.02870
TCC	TTC	CT	1.25981	0.02198	0.03866	-1.25981	0.07748	0.03866
TCC	TCT	CT	0.43508	0.02198	0.02711	-0.43508	0.03396	0.02711
TCA	TTA	CT	0.48310	0.01211	0.01527	-0.48310	0.01963	0.01527
TCA	TCT	AT	0.84314	0.00418	0.00618	-0.84314	0.00971	0.00618
TCA	TCC	AC	0.40805	0.00989	0.01204	-0.40805	0.01487	0.01204
TCG	TTG	CT	1.95978	0.00673	0.01535	-1.95978	0.04776	0.01535
TCG	TCT	GT	1.26268	0.00232	0.00409	-1.26268	0.00821	0.00409
TCG	TCC	GC	0.82760	0.00549	0.00807	-0.82760	0.01256	0.00807
TCG	TCA	GA	0.41955	0.01319	0.01615	-0.41955	0.02007	0.01615
TAT	TTT	AT	1.32948	0.00534	0.00965	-1.32948	0.02018	0.00965
TAT	TCT	AC	-0.26315	0.01263	0.01104	0.26315	0.00971	0.01104
TAC	TTC	AT	0.90325	0.00898	0.01363	-0.90325	0.02215	0.01363
TAC	TCC	AC	-0.35655	0.02123	0.01767	0.35655	0.01487	0.01767
TAC	TAT	CT	0.34169	0.02602	0.03072	-0.34169	0.03661	0.03072
TGT	TTT	GT	1.84000	0.00271	0.00592	-1.84000	0.01705	0.00592
TGT	TCT	GC	0.24736	0.00641	0.00723	-0.24736	0.00821	0.00723
TGT	TAT	GA	0.51052	0.01539	0.01965	-0.51052	0.02564	0.01965
TGC	TTC	GT	1.22593	0.00549	0.00953	-1.22593	0.01872	0.00953
TGC	TCC	GC	-0.03388	0.01300	0.01278	0.03388	0.01256	0.01278
TGC	TAC	GA	0.32267	0.03122	0.03653	-0.32267	0.04311	0.03653
TGC	TGT	CT	0.15384	0.01592	0.01718	-0.15384	0.01857	0.01718
TGG	TTG	GT	1.24361	0.00333	0.00581	-1.24361	0.01154	0.00581
TGG	TCG	GC	-0.71617	0.00787	0.00539	0.71617	0.00385	0.00539
TGG	TGT	GT	0.29915	0.00333	0.00385	-0.29915	0.00449	0.00385
TGG	TGC	GC	0.14531	0.00787	0.00846	-0.14531	0.00910	0.00846
CTT	TTT	CT	1.18717	0.02153	0.03678	-1.18717	0.07058	0.03678
CTC	TTC	CT	1.03259	0.02759	0.04424	-1.03259	0.07748	0.04424
CTC	CTT	CT	0.61333	0.02759	0.03691	-0.61333	0.05094	0.03691
CTA	TTA	CT	0.58027	0.01099	0.01449	-0.58027	0.01963	0.01449
CTA	CTT	AT	1.34577	0.00379	0.00690	-1.34577	0.01456	0.00690
CTA	CTC	AC	0.73243	0.00897	0.01265	-0.73243	0.01866	0.01265
CTG	TTG	CT	-0.66489	0.09286	0.06538	0.66489	0.04776	0.06538
CTG	CTT	GT	-0.95652	0.03203	0.01912	0.95652	0.01231	0.01912
CTG	CTC	GC	-1.56985	0.07579	0.03126	1.56985	0.01577	0.03126
CTG	CTA	GA	-2.30229	0.18205	0.04659	2.30229	0.01821	0.04659
CCT	TCT	CT	0.52024	0.02019	0.02589	-0.52024	0.03396	0.02589
CCT	CTT	CT	0.92571	0.02019	0.03095	-0.92571	0.05094	0.03095
CCC	TCC	CT	1.07669	0.01772	0.02894	-1.07669	0.05200	0.02894
CCC	CTC	CT	1.30391	0.01772	0.03171	-1.30391	0.06527	0.03171
CCC	CCT	CT	0.99153	0.01772	0.02793	-0.99153	0.04776	0.02793
CCA	TCA	CT	0.58747	0.01592	0.02106	-0.58747	0.02866	0.02106
CCA	CTA	CT	0.49031	0.01592	0.02015	-0.49031	0.02600	0.02015
CCA	CCT	AT	0.91037	0.00549	0.00837	-0.91037	0.01365	0.00837
CCA	CCC	AC	-0.08116	0.01300	0.01248	0.08116	0.01198	0.01248
CCG	TCG	CT	1.17132	0.00493	0.00838	-1.17132	0.01592	0.00838
CCG	CTG	CT	3.79599	0.00493	0.01916	-3.79599	0.21969	0.01916
CCG	CCT	GT	1.91377	0.00170	0.00382	-1.91377	0.01154	0.00382
CCG	CCC	GC	0.92223	0.00403	0.00617	-0.92223	0.01013	0.00617
CCG	CCA	GA	1.00340	0.00967	0.01533	-1.00340	0.02639	0.01533
CAT	TAT	CT	1.08794	0.01234	0.02024	-1.08794	0.03661	0.02024
CAT	CTT	AT	1.23025	0.00426	0.00740	-1.23025	0.01456	0.00740
CAT	CCT	AC	0.30455	0.01007	0.01168	-0.30455	0.01365	0.01168
CAC	TAC	CT	0.81897	0.02714	0.03975	-0.81897	0.06156	0.03975
CAC	CTC	AT	0.68963	0.00936	0.01296	-0.68963	0.01866	0.01296
CAC	CCC	AC	-0.61427	0.02215	0.01604	0.61427	0.01198	0.01604
CAC	CAT	CT	0.07271	0.02714	0.02814	-0.07271	0.02919	0.02814
CAA	CTA	AT	-0.26326	0.00967	0.00845	0.26326	0.00743	0.00845
CAA	CCA	AC	-0.75356	0.02288	0.01533	0.75356	0.01077	0.01533
CAA	CAT	AT	-0.14774	0.00967	0.00897	0.14774	0.00834	0.00897
CAA	CAC	AC	-0.22045	0.02288	0.02045	0.22045	0.01836	0.02045
CAG	CTG	AT	0.81300	0.02785	0.04069	-0.81300	0.06280	0.04069
CAG	CCG	AC	-2.98299	0.06590	0.01049	2.98299	0.00334	0.01049
CAG	CAT	GT	-1.37377	0.02785	0.01297	1.37377	0.00705	0.01297
CAG	CAC	GC	-1.44648	0.06590	0.02935	1.44648	0.01551	0.02935
CAG	CAA	GA	-1.22603	0.15830	0.08061	1.22603	0.04646	0.08061
CGT	TGT	CT	1.32547	0.00493	0.00891	-1.32547	0.01857	0.00891
CGT	CTT	GT	1.97830	0.00170	0.00391	-1.97830	0.01231	0.00391
CGT	CCT	GC	1.05260	0.00403	0.00651	-1.05260	0.01154	0.00651
CGT	CAT	GA	0.74805	0.00967	0.01374	-0.74805	0.02044	0.01374
CGC	TGC	CT	1.25265	0.01077	0.01888	-1.25265	0.03768	0.01888
CGC	CTC	GT	1.44598	0.00371	0.00702	-1.44598	0.01577	0.00702
CGC	CCC	GC	0.14208	0.00879	0.00943	-0.14208	0.01013	0.00943
CGC	CAC	GA	0.75635	0.02111	0.03009	-0.75635	0.04497	0.03009
CGC	CGT	CT	0.08101	0.01077	0.01121	-0.08101	0.01167	0.01121
CGA	CTA	GT	0.90031	0.00255	0.00387	-0.90031	0.00628	0.00387
CGA	CCA	GC	0.41000	0.00604	0.00736	-0.41000	0.00910	0.00736
CGA	CAA	GA	1.16357	0.01451	0.02456	-1.16357	0.04646	0.02456
CGA	CGT	AT	0.26777	0.00255	0.00291	-0.26777	0.00334	0.00291
CGA	CGC	AC	0.18676	0.00604	0.00662	-0.18676	0.00728	0.00662
CGG	TGG	CT	-0.05976	0.02422	0.02351	0.05976	0.02282	0.02351
CGG	CTG	GT	1.84873	0.00836	0.01834	-1.84873	0.05308	0.01834
CGG	CCG	GC	-1.94726	0.01977	0.00641	1.94726	0.00282	0.00641
CGG	CAG	GA	1.03573	0.04749	0.07626	-1.03573	0.13379	0.07626
CGG	CGT	GT	-1.08609	0.00836	0.00462	1.08609	0.00282	0.00462
CGG	CGC	GC	-1.16710	0.01977	0.01043	1.16710	0.00615	0.01043
CGG	CGA	GA	-1.35386	0.04749	0.02238	1.35386	0.01226	0.02238
ATT	TTT	AT	0.44559	0.01292	0.01601	-0.44559	0.02018	0.01601
ATT	CTT	AC	-0.74158	0.03057	0.02062	0.74158	0.01456	0.02062
ATC	TTC	AT	-0.16027	0.02600	0.02397	0.16027	0.02215	0.02397
ATC	CTC	AC	-1.19286	0.06151	0.03195	1.19286	0.01866	0.03195
ATC	ATT	CT	0.16205	0.07536	0.08163	-0.16205	0.08862	0.08163
ATA	TTA	AT	-0.40719	0.00843	0.00683	0.40719	0.00561	0.00683
ATA	CTA	AC	-0.98746	0.01995	0.01170	0.98746	0.00743	0.01170
ATA	ATT	AT	1.09988	0.00843	0.01391	-1.09988	0.02533	0.01391
ATA	ATC	AC	0.93783	0.01995	0.03075	-0.93783	0.05097	0.03075
ATG	TTG	AT	0.27521	0.01037	0.01186	-0.27521	0.01365	0.01186
ATG	CTG	AC	0.94010	0.02453	0.03784	-0.94010	0.06280	0.03784
ATG	ATT	GT	0.72515	0.01037	0.01458	-0.72515	0.02141	0.01458
ATG	ATC	GC	0.56310	0.02453	0.03208	-0.56310	0.04308	0.03208
ATG	ATA	GA	-0.37473	0.05892	0.04857	0.37473	0.04051	0.04857
ACT	TCT	AT	0.46267	0.00611	0.00764	-0.46267	0.00971	0.00764
ACT	CCT	AC	-0.05757	0.01446	0.01405	0.05757	0.01365	0.01405
ACT	ATT	CT	1.60971	0.01772	0.03565	-1.60971	0.08862	0.03565
ACC	TCC	AT	0.34555	0.01052	0.01245	-0.34555	0.01487	0.01245
ACC	CCC	AC	-0.73114	0.02490	0.01689	0.73114	0.01198	0.01689
ACC	ATC	CT	1.76563	0.03050	0.06497	-1.76563	0.17830	0.06497
ACC	ACT	CT	0.31796	0.03050	0.03561	-0.31796	0.04192	0.03561
ACA	TCA	AT	-0.02913	0.00843	0.00831	0.02913	0.00819	0.00831
ACA	CCA	AC	-0.61660	0.01995	0.01443	0.61660	0.01077	0.01443
ACA	ATA	CT	0.86117	0.02445	0.03647	-0.86117	0.05784	0.03647
ACA	ACT	AT	0.35134	0.00843	0.01000	-0.35134	0.01198	0.01000
ACA	ACC	AC	0.03338	0.01995	0.02029	-0.03338	0.02063	0.02029
ACG	TCG	AT	0.20323	0.00371	0.00410	-0.20323	0.00455	0.00410
ACG	CCG	AC	-0.96809	0.00879	0.00521	0.96809	0.00334	0.00521
ACG	ATG	CT	1.88781	0.01077	0.02395	-1.88781	0.07111	0.02395
ACG	ACT	GT	1.00325	0.00371	0.00588	-1.00325	0.01013	0.00588
ACG	ACC	GC	0.68528	0.00879	0.01214	-0.68528	0.01744	0.01214
ACG	ACA	GA	0.65191	0.02111	0.02873	-0.65191	0.04051	0.02873
AAT	TAT	AT	-0.19252	0.01269	0.01151	0.19252	0.01047	0.01151
AAT	CAT	AC	-1.28046	0.03002	0.01479	1.28046	0.00834	0.01479
AAT	ATT	AT	0.69137	0.01269	0.01758	-0.69137	0.02533	0.01758
AAT	ACT	AC	-0.91835	0.03002	0.01832	0.91835	0.01198	0.01832
AAC	TAC	AT	0.64770	0.00921	0.01251	-0.64770	0.01760	0.01251
AAC	CAC	AC	-0.17126	0.02178	0.01997	0.17126	0.01836	0.01997
AAC	ATC	AT	1.71123	0.00921	0.01923	-1.71123	0.05097	0.01923
AAC	ACC	AC	-0.05440	0.02178	0.02120	0.05440	0.02063	0.02120
AAC	AAT	CT	1.18191	0.02669	0.04550	-1.18191	0.08703	0.04550
AAA	CAA	AC	-0.94687	0.04888	0.02933	0.94687	0.01896	0.02933
AAA	ATA	AT	-0.22266	0.02066	0.01844	0.22266	0.01653	0.01844
AAA	ACA	AC	-1.08383	0.04888	0.02708	1.08383	0.01653	0.02708
AAA	AAT	AT	0.18586	0.02066	0.02264	-0.18586	0.02488	0.02264
AAA	AAC	AC	-0.99606	0.04888	0.02851	0.99606	0.01805	0.02851
AAG	CAG	AC	-0.21803	0.06791	0.06078	0.21803	0.05461	0.06078
AAG	ATG	AT	-0.34512	0.02871	0.02404	0.34512	0.02033	0.02404
AAG	ACG	AC	-2.23293	0.06791	0.01821	2.23293	0.00728	0.01821
AAG	AAT	GT	-0.31134	0.02871	0.02447	0.31134	0.02103	0.02447
AAG	AAC	GC	-1.49325	0.06791	0.02938	1.49325	0.01526	0.02938
AAG	AAA	GA	-0.49719	0.16314	0.12593	0.49719	0.09923	0.12593
AGT	TGT	AT	-0.23732	0.00673	0.00596	0.23732	0.00531	0.00596
AGT	CGT	AC	-1.56280	0.01593	0.00660	1.56280	0.00334	0.00660
AGT	ATT	GT	1.15708	0.00673	0.01136	-1.15708	0.02141	0.01136
AGT	ACT	GC	-0.45263	0.01593	0.01259	0.45263	0.01013	0.01259
AGT	AAT	GA	0.46572	0.03826	0.04785	-0.46572	0.06095	0.04785
AGC	TGC	AT	-0.09452	0.01184	0.01129	0.09452	0.01077	0.01129
AGC	CGC	AC	-1.34717	0.02801	0.01326	1.34717	0.00728	0.01326
AGC	ATC	GT	1.29167	0.01184	0.02109	-1.29167	0.04308	0.02109
AGC	ACC	GC	-0.47395	0.02801	0.02189	0.47395	0.01744	0.02189
AGC	AAC	GA	-0.41955	0.06728	0.05415	0.41955	0.04423	0.05415
AGC	AGT	CT	0.29664	0.03432	0.03966	-0.29664	0.04617	0.03966
AGA	CGA	AC	-1.58926	0.02453	0.01000	1.58926	0.00501	0.01000
AGA	ATA	GT	0.29851	0.01037	0.01199	-0.29851	0.01397	0.01199
AGA	ACA	GC	-0.56266	0.02453	0.01827	0.56266	0.01397	0.01827
AGA	AAA	GA	0.52117	0.05892	0.07561	-0.52117	0.09923	0.07561
AGA	AGT	AT	0.24131	0.01037	0.01167	-0.24131	0.01320	0.01167
AGA	AGC	AC	-0.05533	0.02453	0.02386	0.05533	0.02321	0.02386
AGG	TGG	AT	0.01560	0.00642	0.00647	-0.01560	0.00652	0.00647
AGG	CGG	AC	0.07536	0.01519	0.01577	-0.07536	0.01638	0.01577
AGG	ATG	GT	0.98400	0.00642	0.01009	-0.98400	0.01718	0.01009
AGG	ACG	GC	-0.90381	0.01519	0.00935	0.90381	0.00615	0.00935
AGG	AAG	GA	1.32912	0.03650	0.06597	-1.32912	0.13788	0.06597
AGG	AGT	GT	0.55207	0.00642	0.00836	-0.55207	0.01115	0.00836
AGG	AGC	GC	0.25543	0.01519	0.01722	-0.25543	0.01962	0.01722
AGG	AGA	GA	0.31076	0.03650	0.04246	-0.31076	0.04980	0.04246
GTT	TTT	GT	1.28447	0.00472	0.00838	-1.28447	0.01705	0.00838
GTT	CTT	GC	0.09730	0.01117	0.01172	-0.09730	0.01231	0.01172
GTT	ATT	GA	0.83888	0.02682	0.03963	-0.83888	0.06206	0.03963
GTC	TTC	GT	0.65232	0.00975	0.01327	-0.65232	0.01872	0.01327
GTC	CTC	GC	-0.38027	0.02307	0.01896	0.38027	0.01577	0.01896
GTC	ATC	GA	0.81259	0.05541	0.08093	-0.81259	0.12487	0.08093
GTC	GTT	CT	0.13576	0.02826	0.03022	-0.13576	0.03237	0.03022
GTA	TTA	GT	0.35472	0.00333	0.00395	-0.35472	0.00474	0.00395
GTA	CTA	GC	-0.22555	0.00787	0.00702	0.22555	0.00628	0.00702
GTA	ATA	GA	0.76191	0.01891	0.02702	-0.76191	0.04051	0.02702
GTA	GTT	AT	1.02291	0.00333	0.00531	-1.02291	0.00925	0.00531
GTA	GTC	AC	0.88715	0.00787	0.01187	-0.88715	0.01911	0.01187
GTG	TTG	GT	-0.50862	0.01919	0.01472	0.50862	0.01154	0.01472
GTG	CTG	GC	0.15627	0.04540	0.04904	-0.15627	0.05308	0.04904
GTG	ATG	GA	-0.78383	0.10905	0.07184	0.78383	0.04980	0.07184
GTG	GTT	GT	-0.89756	0.01919	0.01185	0.89756	0.00782	0.01185
GTG	GTC	GC	-1.03332	0.04540	0.02591	1.03332	0.01615	0.02591
GTG	GTA	GA	-1.92047	0.10905	0.03596	1.92047	0.01598	0.03596
GCT	TCT	GT	-0.37954	0.01199	0.00986	0.37954	0.00821	0.00986
GCT	CCT	GC	-0.89979	0.02837	0.01750	0.89979	0.01154	0.01750
GCT	ACT	GA	-0.84222	0.06816	0.04344	0.84222	0.02936	0.04344
GCT	GTT	CT	-0.07138	0.03476	0.03354	0.07138	0.03237	0.03354
GCC	TCC	GT	-0.08052	0.01362	0.01308	0.08052	0.01256	0.01308
GCC	CCC	GC	-1.15721	0.03222	0.01709	1.15721	0.01013	0.01709
GCC	ACC	GA	-0.42607	0.07739	0.06207	0.42607	0.05054	0.06207
GCC	GTC	CT	0.52697	0.03947	0.05079	-0.52697	0.06686	0.05079
GCC	GCT	CT	0.73411	0.03947	0.05572	-0.73411	0.08225	0.05572
GCA	TCA	GT	-0.05989	0.00735	0.00713	0.05989	0.00692	0.00713
GCA	CCA	GC	-0.64737	0.01739	0.01236	0.64737	0.00910	0.01236
GCA	ACA	GA	-0.03077	0.04177	0.04114	0.03077	0.04051	0.04114
GCA	GTA	CT	0.06849	0.02131	0.02205	-0.06849	0.02282	0.02205
GCA	GCT	AT	1.16279	0.00735	0.01243	-1.16279	0.02351	0.01243
GCA	GCC	AC	0.42868	0.01739	0.02138	-0.42868	0.02670	0.02138
GCG	TCG	GT	0.81515	0.00170	0.00249	-0.81515	0.00385	0.00249
GCG	CCG	GC	-0.35617	0.00403	0.00335	0.35617	0.00282	0.00335
GCG	ACG	GA	0.61192	0.00967	0.01293	-0.61192	0.01784	0.01293
GCG	GTG	CT	3.28356	0.00493	0.01683	-3.28356	0.13160	0.01683
GCG	GCT	GT	2.45738	0.00170	0.00457	-2.45738	0.01987	0.00457
GCG	GCC	GC	1.72327	0.00403	0.00845	-1.72327	0.02256	0.00845
GCG	GCA	GA	1.29460	0.00967	0.01725	-1.29460	0.03531	0.01725
GAT	TAT	GT	-0.37288	0.01284	0.01060	0.37288	0.00885	0.01060
GAT	CAT	GC	-1.46083	0.03039	0.01341	1.46083	0.00705	0.01341
GAT	AAT	GA	-0.18036	0.07300	0.06661	0.18036	0.06095	0.06661
GAT	GTT	AT	-0.32788	0.01284	0.01085	0.32788	0.00925	0.01085
GAT	GCT	AC	-0.25649	0.03039	0.02666	0.25649	0.02351	0.02666
GAC	TAC	GT	-0.37620	0.02166	0.01784	0.37620	0.01487	0.01784
GAC	CAC	GC	-1.19517	0.05126	0.02659	1.19517	0.01551	0.02659
GAC	AAC	GA	-1.02391	0.12313	0.07066	1.02391	0.04423	0.07066
GAC	GTC	AT	-0.12527	0.02166	0.02034	0.12527	0.01911	0.02034
GAC	GCC	AC	-0.65224	0.05126	0.03634	0.65224	0.02670	0.03634
GAC	GAT	CT	0.33837	0.06280	0.07402	-0.33837	0.08809	0.07402
GAA	CAA	GC	-1.33299	0.06078	0.02901	1.33299	0.01603	0.02901
GAA	AAA	GA	-0.38613	0.14599	0.11962	0.38613	0.09923	0.11962
GAA	GTA	AT	-1.37070	0.02569	0.01198	1.37070	0.00652	0.01198
GAA	GCA	AC	-1.43919	0.06078	0.02719	1.43919	0.01441	0.02719
GAA	GAT	AT	-0.01991	0.02569	0.02543	0.01991	0.02518	0.02543
GAA	GAC	AC	-0.35828	0.06078	0.05054	0.35828	0.04247	0.05054
GAG	CAG	GC	-0.52919	0.07835	0.05944	0.52919	0.04615	0.05944
GAG	AAG	GA	-0.31116	0.18821	0.16044	0.31116	0.13788	0.16044
GAG	GTG	AT	0.12754	0.03312	0.03527	-0.12754	0.03762	0.03527
GAG	GCG	AC	-3.15601	0.07835	0.01100	3.15601	0.00334	0.01100
GAG	GAT	GT	-0.44214	0.03312	0.02633	0.44214	0.02128	0.02633
GAG	GAC	GC	-0.78050	0.07835	0.05171	0.78050	0.03590	0.05171
GAG	GAA	GA	-0.42223	0.18821	0.15126	0.42223	0.12339	0.15126
GGT	TGT	GT	-0.01719	0.00456	0.00453	0.01719	0.00449	0.00453
GGT	CGT	GC	-1.34267	0.01080	0.00513	1.34267	0.00282	0.00513
GGT	AGT	GA	0.22013	0.02594	0.02890	-0.22013	0.03233	0.02890
GGT	GTT	GT	0.53833	0.00456	0.00590	-0.53833	0.00782	0.00590
GGT	GCT	GC	0.60972	0.01080	0.01443	-0.60972	0.01987	0.01443
GGT	GAT	GA	0.86621	0.02594	0.03878	-0.86621	0.06169	0.03878
GGC	TGC	GT	-0.04451	0.00952	0.00931	0.04451	0.00910	0.00931
GGC	CGC	GC	-1.29715	0.02252	0.01098	1.29715	0.00615	0.01098
GGC	AGC	GA	0.05001	0.05409	0.05545	-0.05001	0.05686	0.05545
GGC	GTC	GT	0.52910	0.00952	0.01226	-0.52910	0.01615	0.01226
GGC	GCC	GC	0.00213	0.02252	0.02254	-0.00213	0.02256	0.02254
GGC	GAC	GA	0.65437	0.05409	0.07370	-0.65437	0.10406	0.07370
GGC	GGT	CT	0.12652	0.02759	0.02937	-0.12652	0.03131	0.02937
GGA	CGA	GC	-1.38145	0.01684	0.00781	1.38145	0.00423	0.00781
GGA	AGA	GA	0.20781	0.04046	0.04480	-0.20781	0.04980	0.04480
GGA	GTA	GT	-0.25559	0.00712	0.00625	0.25559	0.00551	0.00625
GGA	GCA	GC	-0.32408	0.01684	0.01426	0.32408	0.01218	0.01426
GGA	GAA	GA	1.11511	0.04046	0.06712	-1.11511	0.12339	0.06712
GGA	GGT	AT	0.22899	0.00712	0.00796	-0.22899	0.00895	0.00796
GGA	GGC	AC	0.10246	0.01684	0.01772	-0.10246	0.01866	0.01772
GGG	TGG	GT	-0.29815	0.00743	0.00638	0.29815	0.00551	0.00638
GGG	CGG	GC	-0.23839	0.01757	0.01556	0.23839	0.01385	0.01556
GGG	AGG	GA	-0.31375	0.04221	0.03594	0.31375	0.03085	0.03594
GGG	GTG	GT	1.45408	0.00743	0.01409	-1.45408	0.03179	0.01409
GGG	GCG	GC	-1.82948	0.01757	0.00615	1.82948	0.00282	0.00615
GGG	GAG	GA	1.32654	0.04221	0.07623	-1.32654	0.15906	0.07623
GGG	GGT	GT	0.01819	0.00743	0.00750	-0.01819	0.00756	0.00750
GGG	GGC	GC	-0.10833	0.01757	0.01664	0.10833	0.01577	0.01664
GGG	GGA	GA	-0.21080	0.04221	0.03792	0.21080	0.03419	0.03792


Histograms
2Ns	FMut	FSub(CodonUsage)	FSubw(after w)

-3.61523	0.01466	0.00149
-3.25371	0.01401	0.00216
-2.89218	0.00440	0.00081
-2.53066	0.00133	0.00036
-2.16914	0.01668	0.00503
-1.80762	0.04212	0.01700
-1.44609	0.08867	0.04714
-1.08457	0.13389	0.08617
-0.72305	0.12486	0.09802
-0.36152	0.17808	0.17074
0.00000	0.12238	0.14214
0.36152	0.12264	0.17074
0.72305	0.05961	0.09802
1.08457	0.04526	0.08617
1.44609	0.02182	0.04714
1.80762	0.00668	0.01700
2.16914	0.00170	0.00503
2.53066	0.00011	0.00036
2.89218	0.00022	0.00081
3.25371	0.00055	0.00216
3.61523	0.00033	0.00149

Proportion of advantageous (S > 0) mutations:
 0.31706

Proportions of good & bad mutations (|S| > 2.0000) among mutations:
0.00292  0.05107

mean |Ns| = 0.86471	mean Ns+ = 0.61235	mean Ns- = -0.98187


MLEs of dN/dS (w) for site classes (K=4)

site class             0        1       2a       2b
proportion       0.38729  0.28867  0.18566  0.13838
background w     0.07448  1.00000  0.07448  1.00000
foreground w     0.07448  1.00000  2.38089  2.38089

Naive Empirical Bayes (NEB) probabilities for 4 classes
(amino acids refer to 1st sequence: Rhesus_macaque_Mx)

   1 I   0.00182 0.62102 0.01270 0.36446 ( 2)
   2 V   0.00001 0.74540 0.00000 0.25458 ( 2)
   3 K   0.20540 0.53046 0.06150 0.20264 ( 2)
   4 A   0.00001 0.60145 0.00010 0.39843 ( 2)
   5 D   0.01647 0.74702 0.00337 0.23314 ( 2)
   6 P   0.00011 0.49377 0.01346 0.49266 ( 2)
   7 A   0.00004 0.65827 0.00009 0.34160 ( 2)
   8 A   0.00004 0.62523 0.00038 0.37434 ( 2)
   9 A   0.00451 0.65376 0.01272 0.32901 ( 2)
  10 S   0.00000 0.57721 0.00000 0.42279 ( 2)
  11 Q   0.10605 0.67291 0.02006 0.20098 ( 2)
  12 P   0.06935 0.65844 0.02126 0.25095 ( 2)
  13 L   0.00291 0.71832 0.00093 0.27785 ( 2)
  14 L   0.00939 0.72054 0.00258 0.26749 ( 2)
  15 L   0.17441 0.55531 0.05594 0.21434 ( 2)
  16 N   0.00569 0.73904 0.00148 0.25379 ( 2)
  17 G   0.00621 0.66066 0.00646 0.32667 ( 2)
  18 D   0.00000 0.64864 0.00001 0.35135 ( 2)
  19 A   0.00003 0.69939 0.00001 0.30056 ( 2)
  20 D   0.00050 0.66464 0.00115 0.33372 ( 2)
  21 V   0.00000 0.65498 0.00003 0.34499 ( 2)
  22 A   0.00204 0.65546 0.00831 0.33420 ( 2)
  23 Q   0.57598 0.18560 0.16913 0.06930 ( 1)
  24 K   0.10259 0.62463 0.03125 0.24153 ( 2)
  25 S   0.00000 0.57612 0.00000 0.42388 ( 2)
  26 P   0.00001 0.58751 0.00005 0.41244 ( 2)
  27 G   0.00007 0.56331 0.00069 0.43592 ( 2)
  28 S   0.00036 0.62124 0.00144 0.37696 ( 2)
  29 V   0.00085 0.74594 0.00021 0.25300 ( 2)
  30 A   0.00023 0.74747 0.00006 0.25225 ( 2)
  31 E   0.00064 0.60193 0.00577 0.39166 ( 2)
  32 N   0.00007 0.56330 0.00701 0.42962 ( 2)
  33 N   0.26493 0.12588 0.54875 0.06044 ( 3)
  34 L   0.72040 0.04183 0.22213 0.01563 ( 1)
  35 C   0.04968 0.24802 0.51409 0.18821 ( 3)
  36 S   0.73048 0.10415 0.13424 0.03113 ( 1)
  37 Q   0.66210 0.10694 0.19153 0.03944 ( 1)
  38 Y   0.79195 0.00216 0.20515 0.00074 ( 1)
  39 E   0.10579 0.02287 0.85680 0.01454 ( 3)
  40 E   0.00451 0.02697 0.94331 0.02520 ( 3)
  41 K   0.77080 0.00593 0.22109 0.00218 ( 1)
  42 V   0.61616 0.12512 0.20966 0.04906 ( 1)
  43 R   0.10887 0.00348 0.88573 0.00192 ( 3)
  44 P   0.79206 0.00082 0.20683 0.00028 ( 1)
  45 C   0.81897 0.00053 0.18034 0.00017 ( 1)
  46 I   0.75824 0.01055 0.22730 0.00392 ( 1)
  47 D   0.79963 0.00229 0.19731 0.00077 ( 1)
  48 L   0.78864 0.00278 0.20761 0.00097 ( 1)
  49 I   0.11933 0.03641 0.82363 0.02064 ( 3)
  50 D   0.79316 0.00227 0.20380 0.00078 ( 1)
  51 S   0.06573 0.68880 0.01582 0.22965 ( 2)
  52 L   0.65727 0.06099 0.25576 0.02599 ( 1)
  53 R   0.80677 0.00192 0.19068 0.00064 ( 1)
  54 A   0.00297 0.10183 0.78475 0.11045 ( 3)
  55 L   0.75600 0.03283 0.19978 0.01138 ( 1)
  56 G   0.09880 0.00202 0.89790 0.00127 ( 3)
  57 V   0.68214 0.11424 0.16580 0.03782 ( 1)
  58 E   0.11639 0.02720 0.84099 0.01542 ( 3)
  59 Q   0.07940 0.27990 0.48658 0.15412 ( 3)
  60 D   0.79316 0.00227 0.20380 0.00078 ( 1)
  61 L   0.65309 0.06506 0.25413 0.02772 ( 1)
  62 A   0.00709 0.13878 0.70290 0.15122 ( 3)
  63 L   0.71443 0.04752 0.22029 0.01776 ( 1)
  64 P   0.79226 0.00061 0.20692 0.00021 ( 1)
  65 A   0.80038 0.00258 0.19618 0.00086 ( 1)
  66 I   0.75105 0.01285 0.23123 0.00488 ( 1)
  67 A   0.79931 0.00357 0.19593 0.00119 ( 1)
  68 V   0.75934 0.00103 0.23924 0.00039 ( 1)
  69 I   0.75716 0.01155 0.22700 0.00429 ( 1)
  70 G   0.81977 0.00049 0.17958 0.00016 ( 1)
  71 D   0.79316 0.00227 0.20380 0.00078 ( 1)
  72 Q   0.10460 0.03971 0.83238 0.02331 ( 3)
  73 S   0.14900 0.00301 0.84646 0.00154 ( 3)
  74 S   0.81036 0.00215 0.18680 0.00069 ( 1)
  75 G   0.82652 0.00058 0.17272 0.00018 ( 1)
  76 K   0.78524 0.00554 0.20726 0.00196 ( 1)
  77 S   0.81038 0.00088 0.18846 0.00029 ( 1)
  78 S   0.80967 0.00104 0.18895 0.00034 ( 1)
  79 V   0.62952 0.08580 0.24204 0.04264 ( 1)
  80 L   0.75846 0.03054 0.20041 0.01060 ( 1)
  81 E   0.76428 0.00823 0.22442 0.00307 ( 1)
  82 A   0.77144 0.00253 0.22510 0.00093 ( 1)
  83 L   0.68648 0.05804 0.23214 0.02334 ( 1)
  84 S   0.81061 0.00194 0.18682 0.00063 ( 1)
  85 G   0.82958 0.00056 0.16969 0.00017 ( 1)
  86 V   0.84110 0.00058 0.15815 0.00017 ( 1)
  87 A   0.62037 0.06015 0.28934 0.03014 ( 1)
  88 L   0.78783 0.00301 0.20811 0.00105 ( 1)
  89 P   0.79206 0.00082 0.20683 0.00028 ( 1)
  90 R   0.84293 0.00072 0.15615 0.00021 ( 1)
  91 G   0.12299 0.00339 0.87182 0.00181 ( 3)
  92 S   0.10905 0.02240 0.85418 0.01437 ( 3)
  93 G   0.82976 0.00042 0.16969 0.00013 ( 1)
  94 I   0.11124 0.02920 0.84223 0.01733 ( 3)
  95 V   0.12262 0.00250 0.87359 0.00129 ( 3)
  96 T   0.83047 0.00082 0.16846 0.00025 ( 1)
  97 R   0.82889 0.00160 0.16902 0.00048 ( 1)
  98 C   0.82727 0.00040 0.17220 0.00012 ( 1)
  99 P   0.79541 0.00141 0.20270 0.00048 ( 1)
 100 L   0.67772 0.04106 0.26372 0.01750 ( 1)
 101 V   0.60392 0.15674 0.18014 0.05921 ( 1)
 102 L   0.75498 0.03379 0.19951 0.01172 ( 1)
 103 K   0.74308 0.04500 0.19598 0.01594 ( 1)
 104 L   0.67587 0.04289 0.26296 0.01828 ( 1)
 105 K   0.71795 0.06836 0.18950 0.02419 ( 1)
 106 K   0.72851 0.05859 0.19214 0.02076 ( 1)
 107 L   0.19907 0.27733 0.40666 0.11693 ( 3)
 108 V   0.00000 0.66096 0.00000 0.33904 ( 2)
 109 N   0.00003 0.65182 0.00022 0.34793 ( 2)
 110 -   0.38729 0.28867 0.18566 0.13838 ( 1)
 111 E   0.00487 0.69564 0.00716 0.29233 ( 2)
 112 D   0.01399 0.70670 0.00452 0.27478 ( 2)
 113 E   0.17974 0.55874 0.05278 0.20873 ( 2)
 114 W   0.81344 0.00055 0.18583 0.00017 ( 1)
 115 R   0.09899 0.64336 0.02746 0.23019 ( 2)
 116 G   0.82643 0.00066 0.17271 0.00020 ( 1)
 117 K   0.00367 0.01171 0.97175 0.01286 ( 3)
 118 V   0.74980 0.01287 0.23251 0.00482 ( 1)
 119 S   0.00007 0.65866 0.00038 0.34089 ( 2)
 120 Y   0.75701 0.03381 0.19754 0.01165 ( 1)
 121 Q   0.00001 0.77773 0.00000 0.22225 ( 2)
 122 D   0.82968 0.01581 0.14980 0.00472 ( 1)
 123 Y   0.00000 0.64651 0.00000 0.35349 ( 2)
 124 E   0.02546 0.47196 0.07357 0.42901 ( 2)
 125 I   0.00109 0.68854 0.00053 0.30985 ( 2)
 126 E   0.03665 0.15490 0.67365 0.13480 ( 3)
 127 I   0.01492 0.72130 0.00403 0.25974 ( 2)
 128 L   0.00210 0.71656 0.00069 0.28065 ( 2)
 129 D   0.08925 0.46181 0.22655 0.22239 ( 2)
 130 A   0.30292 0.46657 0.07429 0.15622 ( 2)
 131 S   0.76796 0.00552 0.22452 0.00201 ( 1)
 132 E   0.01276 0.71543 0.00377 0.26804 ( 2)
 133 V   0.75487 0.00504 0.23817 0.00192 ( 1)
 134 E   0.10213 0.02754 0.85390 0.01643 ( 3)
 135 K   0.00010 0.67932 0.00006 0.32052 ( 2)
 136 E   0.19653 0.56430 0.04865 0.19053 ( 2)
 137 I   0.71046 0.09619 0.16221 0.03115 ( 1)
 138 N   0.19889 0.56350 0.04907 0.18855 ( 2)
 139 K   0.03105 0.65306 0.01620 0.29969 ( 2)
 140 A   0.73788 0.04751 0.19791 0.01669 ( 1)
 141 Q   0.76210 0.01171 0.22187 0.00433 ( 1)
 142 N   0.18349 0.57285 0.04721 0.19646 ( 2)
 143 T   0.00000 0.65452 0.00002 0.34545 ( 2)
 144 I   0.61263 0.13954 0.19411 0.05372 ( 1)
 145 A   0.76301 0.00614 0.22856 0.00229 ( 1)
 146 G   0.81933 0.00048 0.18004 0.00015 ( 1)
 147 E   0.03564 0.72184 0.00819 0.23433 ( 2)
 148 G   0.09951 0.27374 0.46821 0.15854 ( 3)
 149 M   0.00000 0.75908 0.00000 0.24092 ( 2)
 150 G   0.00948 0.68276 0.00427 0.30349 ( 2)
 151 I   0.75678 0.01190 0.22689 0.00442 ( 1)
 152 S   0.81954 0.00061 0.17966 0.00019 ( 1)
 153 H   0.00226 0.75301 0.00050 0.24422 ( 2)
 154 E   0.20442 0.53555 0.06003 0.20000 ( 2)
 155 L   0.77574 0.00637 0.21562 0.00227 ( 1)
 156 I   0.75928 0.00958 0.22758 0.00356 ( 1)
 157 T   0.09839 0.65230 0.02541 0.22390 ( 2)
 158 L   0.74599 0.03575 0.20551 0.01275 ( 1)
 159 E   0.66534 0.10141 0.19539 0.03786 ( 1)
 160 I   0.55453 0.18897 0.18309 0.07341 ( 1)
 161 S   0.12592 0.05337 0.79295 0.02776 ( 3)
 162 S   0.80828 0.00148 0.18976 0.00048 ( 1)
 163 R   0.77296 0.02294 0.19626 0.00784 ( 1)
 164 D   0.02036 0.50328 0.14523 0.33113 ( 2)
 165 V   0.82299 0.00061 0.17622 0.00019 ( 1)
 166 P   0.80018 0.00080 0.19875 0.00027 ( 1)
 167 D   0.79331 0.00208 0.20389 0.00072 ( 1)
 168 L   0.65309 0.06506 0.25413 0.02772 ( 1)
 169 T   0.80435 0.00065 0.19479 0.00022 ( 1)
 170 L   0.76304 0.01827 0.21223 0.00647 ( 1)
 171 I   0.76584 0.00332 0.22960 0.00124 ( 1)
 172 D   0.79963 0.00229 0.19731 0.00077 ( 1)
 173 L   0.78725 0.00355 0.20796 0.00124 ( 1)
 174 P   0.79039 0.00229 0.20653 0.00079 ( 1)
 175 G   0.81961 0.00063 0.17956 0.00020 ( 1)
 176 I   0.75868 0.01010 0.22746 0.00375 ( 1)
 177 T   0.76910 0.01266 0.21376 0.00449 ( 1)
 178 R   0.80849 0.00047 0.19089 0.00015 ( 1)
 179 V   0.08334 0.01354 0.89237 0.01075 ( 3)
 180 A   0.78186 0.00618 0.20979 0.00217 ( 1)
 181 V   0.50802 0.07077 0.38790 0.03331 ( 1)
 182 G   0.71797 0.01013 0.26752 0.00438 ( 1)
 183 N   0.83619 0.00869 0.15250 0.00262 ( 1)
 184 Q   0.74529 0.01266 0.23719 0.00486 ( 1)
 185 P   0.79936 0.00161 0.19849 0.00054 ( 1)
 186 P   0.00000 0.73440 0.00000 0.26560 ( 2)
 187 D   0.79296 0.00232 0.20390 0.00082 ( 1)
 188 I   0.08723 0.02416 0.87107 0.01755 ( 3)
 189 G   0.59627 0.20404 0.13258 0.06710 ( 1)
 190 Y   0.00002 0.66111 0.00001 0.33885 ( 2)
 191 K   0.15438 0.57546 0.04914 0.22103 ( 2)
 192 I   0.61279 0.13816 0.19573 0.05332 ( 1)
 193 K   0.78524 0.00554 0.20726 0.00196 ( 1)
 194 T   0.00025 0.65720 0.00013 0.34242 ( 2)
 195 L   0.77820 0.00412 0.21622 0.00146 ( 1)
 196 I   0.08738 0.03275 0.85735 0.02252 ( 3)
 197 R   0.00152 0.73585 0.00041 0.26222 ( 2)
 198 K   0.26805 0.48827 0.07074 0.17294 ( 2)
 199 Y   0.30829 0.33619 0.14832 0.20719 ( 2)
 200 I   0.75637 0.01229 0.22678 0.00457 ( 1)
 201 Q   0.00000 0.66337 0.00000 0.33663 ( 2)
 202 R   0.00069 0.60461 0.00557 0.38913 ( 2)
 203 Q   0.65428 0.12455 0.17659 0.04458 ( 1)
 204 E   0.76367 0.00799 0.22535 0.00299 ( 1)
 205 T   0.80420 0.00077 0.19477 0.00026 ( 1)
 206 I   0.74362 0.01361 0.23751 0.00525 ( 1)
 207 N   0.08913 0.00702 0.89900 0.00486 ( 3)
 208 L   0.07735 0.06514 0.81249 0.04502 ( 3)
 209 V   0.83656 0.00534 0.15657 0.00154 ( 1)
 210 V   0.75050 0.00915 0.23687 0.00348 ( 1)
 211 V   0.82426 0.00081 0.17467 0.00026 ( 1)
 212 P   0.80037 0.00074 0.19865 0.00025 ( 1)
 213 S   0.01487 0.75251 0.00310 0.22952 ( 2)
 214 N   0.84873 0.00023 0.15097 0.00007 ( 1)
 215 V   0.74829 0.01124 0.23619 0.00428 ( 1)
 216 D   0.79963 0.00229 0.19731 0.00077 ( 1)
 217 I   0.75986 0.00905 0.22773 0.00336 ( 1)
 218 A   0.80021 0.00274 0.19614 0.00091 ( 1)
 219 T   0.80409 0.00089 0.19473 0.00030 ( 1)
 220 T   0.80374 0.00116 0.19471 0.00039 ( 1)
 221 E   0.76055 0.00817 0.22817 0.00312 ( 1)
 222 A   0.86373 0.00022 0.13598 0.00006 ( 1)
 223 L   0.65505 0.06315 0.25490 0.02691 ( 1)
 224 S   0.00132 0.73350 0.00037 0.26481 ( 2)
 225 M   0.85579 0.00007 0.14412 0.00002 ( 1)
 226 A   0.76263 0.00650 0.22846 0.00242 ( 1)
 227 Q   0.77424 0.01011 0.21209 0.00356 ( 1)
 228 E   0.66990 0.09639 0.19768 0.03604 ( 1)
 229 V   0.74829 0.01124 0.23619 0.00428 ( 1)
 230 D   0.79296 0.00233 0.20390 0.00082 ( 1)
 231 P   0.81468 0.00105 0.18394 0.00033 ( 1)
 232 E   0.00008 0.59162 0.00076 0.40754 ( 2)
 233 G   0.81961 0.00062 0.17957 0.00020 ( 1)
 234 D   0.73194 0.03562 0.21906 0.01337 ( 1)
 235 R   0.84369 0.00023 0.15601 0.00007 ( 1)
 236 T   0.81829 0.00079 0.18067 0.00025 ( 1)
 237 I   0.74248 0.04261 0.19987 0.01503 ( 1)
 238 G   0.82656 0.00054 0.17273 0.00017 ( 1)
 239 I   0.05906 0.31308 0.44234 0.18552 ( 3)
 240 L   0.77665 0.01625 0.20147 0.00563 ( 1)
 241 T   0.82385 0.00078 0.17512 0.00024 ( 1)
 242 K   0.78524 0.00554 0.20726 0.00196 ( 1)
 243 P   0.79947 0.00136 0.19871 0.00046 ( 1)
 244 D   0.78994 0.00191 0.20747 0.00068 ( 1)
 245 L   0.70633 0.05547 0.21730 0.02090 ( 1)
 246 V   0.74829 0.01124 0.23619 0.00428 ( 1)
 247 D   0.14383 0.00789 0.84415 0.00413 ( 3)
 248 K   0.00103 0.53258 0.01931 0.44709 ( 2)
 249 G   0.81966 0.00058 0.17957 0.00018 ( 1)
 250 T   0.82257 0.00814 0.16679 0.00251 ( 1)
 251 E   0.76487 0.00774 0.22451 0.00289 ( 1)
 252 D   0.05942 0.67049 0.01785 0.25224 ( 2)
 253 K   0.01916 0.42515 0.17262 0.38307 ( 2)
 254 V   0.52672 0.13544 0.26588 0.07195 ( 1)
 255 V   0.01347 0.56903 0.06872 0.34878 ( 2)
 256 D   0.02959 0.27416 0.47061 0.22564 ( 3)
 257 V   0.68214 0.11424 0.16580 0.03782 ( 1)
 258 V   0.00200 0.66115 0.01288 0.32397 ( 2)
 259 R   0.53570 0.23068 0.15167 0.08195 ( 1)
 260 N   0.85138 0.00009 0.14851 0.00003 ( 1)
 261 L   0.12308 0.60508 0.03821 0.23363 ( 2)
 262 V   0.82163 0.00182 0.17598 0.00057 ( 1)
 263 F   0.00178 0.71685 0.00058 0.28080 ( 2)
 264 H   0.66343 0.13156 0.16087 0.04414 ( 1)
 265 L   0.75859 0.03341 0.19658 0.01143 ( 1)
 266 K   0.75921 0.04217 0.18454 0.01409 ( 1)
 267 K   0.78524 0.00554 0.20726 0.00196 ( 1)
 268 G   0.82644 0.00071 0.17262 0.00022 ( 1)
 269 Y   0.79147 0.00231 0.20543 0.00079 ( 1)
 270 M   0.85579 0.00007 0.14412 0.00002 ( 1)
 271 I   0.52864 0.08309 0.34935 0.03892 ( 1)
 272 V   0.75927 0.00109 0.23922 0.00042 ( 1)
 273 K   0.77781 0.00588 0.21417 0.00214 ( 1)
 274 C   0.82712 0.00049 0.17223 0.00015 ( 1)
 275 R   0.00511 0.00392 0.98780 0.00317 ( 3)
 276 G   0.82454 0.00058 0.17469 0.00019 ( 1)
 277 Q   0.77424 0.01011 0.21209 0.00356 ( 1)
 278 Q   0.02293 0.15483 0.64809 0.17416 ( 3)
 279 E   0.48765 0.28778 0.12530 0.09927 ( 1)
 280 I   0.08017 0.03450 0.86021 0.02512 ( 3)
 281 Q   0.00111 0.44479 0.14776 0.40634 ( 2)
 282 D   0.01353 0.77064 0.00223 0.21360 ( 2)
 283 Q   0.01526 0.58919 0.06436 0.33120 ( 2)
 284 L   0.04218 0.67295 0.01426 0.27060 ( 2)
 285 S   0.08899 0.05473 0.82077 0.03551 ( 3)
 286 L   0.08810 0.10591 0.73557 0.07042 ( 3)
 287 S   0.00184 0.63796 0.01285 0.34735 ( 2)
 288 E   0.00668 0.73751 0.00169 0.25412 ( 2)
 289 A   0.79606 0.00375 0.19892 0.00127 ( 1)
 290 L   0.07020 0.65127 0.02299 0.25554 ( 2)
 291 Q   0.53205 0.11566 0.30116 0.05113 ( 1)
 292 R   0.02375 0.70695 0.00693 0.26236 ( 2)
 293 E   0.76368 0.00799 0.22535 0.00299 ( 1)
 294 K   0.00333 0.74623 0.00080 0.24964 ( 2)
 295 I   0.00001 0.63856 0.00000 0.36143 ( 2)
 296 F   0.78989 0.00255 0.20668 0.00088 ( 1)
 297 F   0.76492 0.00529 0.22782 0.00197 ( 1)
 298 E   0.22347 0.51685 0.06600 0.19368 ( 2)
 299 D   0.00064 0.76036 0.00014 0.23886 ( 2)
 300 H   0.82652 0.00037 0.17299 0.00011 ( 1)
 301 P   0.00026 0.73342 0.00007 0.26625 ( 2)
 302 H   0.00143 0.59546 0.00154 0.40158 ( 2)
 303 F   0.78989 0.00255 0.20668 0.00088 ( 1)
 304 R   0.73753 0.06657 0.17409 0.02180 ( 1)
 305 D   0.00020 0.65648 0.00137 0.34195 ( 2)
 306 L   0.78675 0.00402 0.20782 0.00140 ( 1)
 307 L   0.66141 0.05696 0.25736 0.02427 ( 1)
 308 E   0.73355 0.06249 0.18272 0.02123 ( 1)
 309 E   0.20330 0.46076 0.10132 0.23462 ( 2)
 310 G   0.65641 0.13167 0.16543 0.04649 ( 1)
 311 K   0.26341 0.48322 0.07558 0.17780 ( 2)
 312 A   0.76546 0.00388 0.22921 0.00145 ( 1)
 313 T   0.83062 0.00068 0.16850 0.00021 ( 1)
 314 I   0.04602 0.67522 0.01519 0.26357 ( 2)
 315 P   0.80115 0.00071 0.19791 0.00024 ( 1)
 316 C   0.04898 0.72830 0.00957 0.21315 ( 2)
 317 L   0.65857 0.05972 0.25626 0.02545 ( 1)
 318 A   0.80184 0.00115 0.19663 0.00038 ( 1)
 319 E   0.00089 0.55007 0.01122 0.43782 ( 2)
 320 K   0.27752 0.46903 0.08020 0.17325 ( 2)
 321 L   0.76525 0.02424 0.20210 0.00841 ( 1)
 322 T   0.80413 0.00085 0.19474 0.00028 ( 1)
 323 S   0.00000 0.64619 0.00000 0.35381 ( 2)
 324 E   0.76426 0.00823 0.22444 0.00307 ( 1)
 325 L   0.78801 0.00285 0.20815 0.00099 ( 1)
 326 I   0.20397 0.52801 0.06469 0.20333 ( 2)
 327 A   0.00057 0.60574 0.00484 0.38885 ( 2)
 328 H   0.16525 0.00150 0.83258 0.00068 ( 3)
 329 I   0.75668 0.01199 0.22687 0.00446 ( 1)
 330 C   0.50695 0.24323 0.15713 0.09269 ( 1)
 331 K   0.78771 0.00336 0.20774 0.00119 ( 1)
 332 S   0.60485 0.20687 0.12406 0.06421 ( 1)
 333 L   0.71443 0.04752 0.22029 0.01776 ( 1)
 334 P   0.79190 0.00097 0.20679 0.00033 ( 1)
 335 L   0.00090 0.64932 0.00333 0.34644 ( 2)
 336 L   0.75916 0.04837 0.17656 0.01591 ( 1)
 337 E   0.76358 0.00800 0.22543 0.00299 ( 1)
 338 N   0.02981 0.27071 0.47904 0.22044 ( 3)
 339 Q   0.78077 0.00415 0.21363 0.00146 ( 1)
 340 I   0.13725 0.00396 0.85667 0.00212 ( 3)
 341 K   0.00398 0.70958 0.00318 0.28326 ( 2)
 342 E   0.00046 0.61006 0.00360 0.38588 ( 2)
 343 S   0.00000 0.66152 0.00001 0.33847 ( 2)
 344 H   0.68086 0.03774 0.26520 0.01620 ( 1)
 345 Q   0.65635 0.12116 0.17979 0.04270 ( 1)
 346 G   0.00000 0.60168 0.00001 0.39830 ( 2)
 347 I   0.01717 0.61635 0.01631 0.35017 ( 2)
 348 T   0.00149 0.53015 0.01932 0.44904 ( 2)
 349 E   0.14680 0.26085 0.44413 0.14822 ( 3)
 350 E   0.76428 0.00821 0.22445 0.00306 ( 1)
 351 L   0.77513 0.00891 0.21279 0.00317 ( 1)
 352 Q   0.77797 0.00672 0.21295 0.00237 ( 1)
 353 K   0.77072 0.00601 0.22106 0.00221 ( 1)
 354 Y   0.79063 0.00227 0.20631 0.00078 ( 1)
 355 G   0.09457 0.03771 0.84388 0.02384 ( 3)
 356 V   0.00000 0.65379 0.00000 0.34621 ( 2)
 357 D   0.11378 0.07429 0.77264 0.03929 ( 3)
 358 I   0.06143 0.69056 0.01535 0.23266 ( 2)
 359 P   0.11438 0.00383 0.87955 0.00224 ( 3)
 360 E   0.02518 0.51260 0.14643 0.31578 ( 2)
 361 D   0.00694 0.65347 0.01471 0.32488 ( 2)
 362 E   0.02125 0.20839 0.58343 0.18693 ( 3)
 363 N   0.00022 0.62150 0.00017 0.37811 ( 2)
 364 E   0.00075 0.61635 0.00588 0.37702 ( 2)
 365 K   0.73194 0.04231 0.21017 0.01558 ( 1)
 366 M   0.08730 0.09805 0.72514 0.08951 ( 3)
 367 F   0.00173 0.53765 0.04334 0.41728 ( 2)
 368 F   0.34561 0.41925 0.09052 0.14462 ( 2)
 369 L   0.75491 0.03389 0.19944 0.01176 ( 1)
 370 I   0.00270 0.49475 0.07627 0.42627 ( 2)
 371 D   0.01261 0.43869 0.23954 0.30916 ( 2)
 372 K   0.24228 0.49381 0.07598 0.18794 ( 2)
 373 I   0.10754 0.61908 0.03435 0.23903 ( 2)
 374 N   0.08084 0.65284 0.02368 0.24265 ( 2)
 375 A   0.00353 0.62897 0.00184 0.36566 ( 2)
 376 F   0.76336 0.00613 0.22825 0.00227 ( 1)
 377 N   0.80518 0.00106 0.19341 0.00035 ( 1)
 378 Q   0.00000 0.61032 0.00004 0.38964 ( 2)
 379 D   0.45654 0.31305 0.11937 0.11104 ( 1)
 380 I   0.47119 0.12933 0.33607 0.06341 ( 1)
 381 T   0.00001 0.75291 0.00000 0.24709 ( 2)
 382 A   0.00000 0.63763 0.00000 0.36236 ( 2)
 383 L   0.00003 0.50097 0.00458 0.49442 ( 2)
 384 I   0.06591 0.40003 0.34497 0.18909 ( 2)
 385 Q   0.00591 0.62857 0.01127 0.35425 ( 2)
 386 G   0.80624 0.01296 0.17667 0.00413 ( 1)
 387 E   0.05660 0.30448 0.46092 0.17800 ( 3)
 388 E   0.76482 0.00779 0.22449 0.00290 ( 1)
 389 T   0.00000 0.58096 0.00000 0.41904 ( 2)
 390 V   0.01981 0.47896 0.18368 0.31754 ( 2)
 391 G   0.00009 0.72578 0.00003 0.27411 ( 2)
 392 E   0.00307 0.75388 0.00069 0.24236 ( 2)
 393 D   0.00050 0.76677 0.00009 0.23264 ( 2)
 394 D   0.01011 0.71792 0.00299 0.26899 ( 2)
 395 S   0.00423 0.71522 0.00137 0.27917 ( 2)
 396 R   0.80676 0.00192 0.19069 0.00064 ( 1)
 397 L   0.67830 0.04879 0.25240 0.02050 ( 1)
 398 F   0.76270 0.00675 0.22806 0.00250 ( 1)
 399 T   0.14254 0.03305 0.80449 0.01993 ( 3)
 400 R   0.74013 0.04774 0.19520 0.01693 ( 1)
 401 L   0.00057 0.60610 0.00572 0.38762 ( 2)
 402 R   0.84622 0.00070 0.15288 0.00020 ( 1)
 403 R   0.00002 0.65195 0.00015 0.34787 ( 2)
 404 E   0.76051 0.00820 0.22816 0.00313 ( 1)
 405 F   0.76521 0.00438 0.22880 0.00162 ( 1)
 406 H   0.00004 0.63794 0.00014 0.36189 ( 2)
 407 K   0.02508 0.72455 0.00608 0.24428 ( 2)
 408 W   0.81344 0.00055 0.18583 0.00017 ( 1)
 409 G   0.01049 0.74669 0.00231 0.24051 ( 2)
 410 I   0.00006 0.68430 0.00002 0.31563 ( 2)
 411 I   0.00000 0.41108 0.00007 0.58885 ( 4)
 412 I   0.31388 0.44760 0.08273 0.15580 ( 2)
 413 E   0.12468 0.57577 0.05010 0.24946 ( 2)
 414 N   0.16307 0.56807 0.04949 0.21936 ( 2)
 415 N   0.00571 0.63360 0.03544 0.32525 ( 2)
 416 L   0.04215 0.64709 0.01364 0.29713 ( 2)
 417 Q   0.00013 0.73541 0.00004 0.26442 ( 2)
 418 E   0.05172 0.68551 0.01405 0.24872 ( 2)
 419 -   0.38729 0.28867 0.18566 0.13838 ( 1)
 420 -   0.38729 0.28867 0.18566 0.13838 ( 1)
 421 G   0.68302 0.14345 0.13054 0.04300 ( 1)
 422 H   0.00003 0.60129 0.00020 0.39849 ( 2)
 423 K   0.00000 0.63696 0.00002 0.36302 ( 2)
 424 I   0.00002 0.62309 0.00003 0.37686 ( 2)
 425 T   0.00004 0.65221 0.00026 0.34749 ( 2)
 426 S   0.00000 0.60286 0.00000 0.39714 ( 2)
 427 R   0.32933 0.45419 0.07235 0.14413 ( 2)
 428 K   0.00811 0.72952 0.00215 0.26022 ( 2)
 429 M   0.08117 0.17263 0.64415 0.10206 ( 3)
 430 Q   0.00000 0.51027 0.00000 0.48973 ( 2)
 431 K   0.02015 0.71950 0.00531 0.25503 ( 2)
 432 F   0.69311 0.09283 0.18188 0.03218 ( 1)
 433 E   0.76498 0.00764 0.22454 0.00285 ( 1)
 434 N   0.56380 0.21211 0.15011 0.07399 ( 1)
 435 Q   0.01638 0.70677 0.00521 0.27163 ( 2)
 436 Y   0.79068 0.00223 0.20632 0.00077 ( 1)
 437 R   0.84943 0.00015 0.15037 0.00004 ( 1)
 438 G   0.81957 0.00067 0.17955 0.00021 ( 1)
 439 R   0.80047 0.00169 0.19727 0.00057 ( 1)
 440 E   0.66793 0.09823 0.19710 0.03673 ( 1)
 441 L   0.55320 0.20662 0.16296 0.07722 ( 1)
 442 P   0.79946 0.00143 0.19862 0.00048 ( 1)
 443 G   0.11862 0.00258 0.87745 0.00135 ( 3)
 444 F   0.76320 0.00682 0.22743 0.00255 ( 1)
 445 V   0.61616 0.12512 0.20966 0.04906 ( 1)
 446 N   0.13628 0.06590 0.76707 0.03076 ( 3)
 447 Y   0.79057 0.00233 0.20630 0.00080 ( 1)
 448 R   0.03631 0.45690 0.25250 0.25428 ( 2)
 449 T   0.78685 0.01907 0.18776 0.00632 ( 1)
 450 F   0.76237 0.00706 0.22796 0.00261 ( 1)
 451 E   0.76343 0.00821 0.22529 0.00307 ( 1)
 452 T   0.00036 0.73906 0.00010 0.26048 ( 2)
 453 I   0.75725 0.01147 0.22702 0.00426 ( 1)
 454 V   0.78409 0.02814 0.17866 0.00911 ( 1)
 455 K   0.78735 0.00368 0.20766 0.00130 ( 1)
 456 Q   0.02585 0.70101 0.00788 0.26525 ( 2)
 457 Q   0.29844 0.45833 0.08166 0.16157 ( 2)
 458 I   0.23560 0.50067 0.07300 0.19073 ( 2)
 459 K   0.00001 0.59782 0.00004 0.40213 ( 2)
 460 A   0.00012 0.50992 0.01398 0.47598 ( 2)
 461 L   0.67039 0.05512 0.25132 0.02317 ( 1)
 462 E   0.76358 0.00800 0.22543 0.00299 ( 1)
 463 E   0.76353 0.00813 0.22531 0.00304 ( 1)
 464 P   0.78293 0.01690 0.19447 0.00570 ( 1)
 465 A   0.76176 0.00731 0.22821 0.00272 ( 1)
 466 V   0.23665 0.46328 0.07995 0.22012 ( 2)
 467 N   0.00516 0.66572 0.00954 0.31958 ( 2)
 468 M   0.73026 0.00136 0.26781 0.00057 ( 1)
 469 L   0.66613 0.05236 0.25919 0.02231 ( 1)
 470 H   0.77971 0.07293 0.12718 0.02018 ( 1)
 471 T   0.14646 0.44364 0.20799 0.20191 ( 2)
 472 V   0.64745 0.10739 0.20427 0.04088 ( 1)
 473 T   0.73906 0.01286 0.24307 0.00501 ( 1)
 474 D   0.00002 0.53014 0.00024 0.46961 ( 2)
 475 M   0.40540 0.33121 0.10424 0.15915 ( 1)
 476 V   0.83237 0.00853 0.15658 0.00252 ( 1)
 477 R   0.00124 0.72372 0.00038 0.27467 ( 2)
 478 L   0.00000 0.72236 0.00000 0.27764 ( 2)
 479 A   0.03350 0.70036 0.00959 0.25654 ( 2)
 480 F   0.76625 0.00339 0.22910 0.00126 ( 1)
 481 T   0.00002 0.70952 0.00001 0.29046 ( 2)
 482 D   0.00060 0.58600 0.00611 0.40729 ( 2)
 483 V   0.12717 0.58567 0.04502 0.24214 ( 2)
 484 S   0.02580 0.57078 0.10202 0.30140 ( 2)
 485 M   0.00000 0.78239 0.00000 0.21761 ( 2)
 486 K   0.00405 0.72693 0.00116 0.26786 ( 2)
 487 N   0.00754 0.65626 0.03839 0.29782 ( 2)
 488 F   0.76212 0.00729 0.22789 0.00270 ( 1)
 489 E   0.00037 0.72648 0.00011 0.27303 ( 2)
 490 E   0.36753 0.40454 0.09109 0.13684 ( 2)
 491 L   0.67329 0.09154 0.20133 0.03384 ( 1)
 492 F   0.00600 0.63143 0.00435 0.35821 ( 2)
 493 N   0.85138 0.00009 0.14851 0.00003 ( 1)
 494 L   0.78913 0.00667 0.20194 0.00226 ( 1)
 495 H   0.02064 0.75237 0.00366 0.22333 ( 2)
 496 R   0.00277 0.34315 0.36198 0.29210 ( 3)
 497 T   0.75440 0.00922 0.23292 0.00346 ( 1)
 498 A   0.38403 0.36499 0.11500 0.13598 ( 1)
